id	best_100	chosen_value	distance
1110.0	0.6022727272727273	0.6271818441000746	0.7717151364263733
1084.0	0.6022727272727273	0.6804492074836821	0.9486832154829958
1167.0	0.6022727272727273	0.6676065162617261	0.894417715621242
1189.0	0.6022727272727273	0.6945231301904626	0.9236560271847858
182.0	0.6022727272727273	0.7587409556745932	0.8456933805651484
906.0	0.6022727272727273	0.6181828536644542	0.9401800519899935
892.0	0.6022727272727273	0.6981909802877171	0.7846161361774405
971.0	0.6022727272727273	0.6385688955004338	0.6832386379769421
451.0	0.6022727272727273	0.6188807333824997	0.692724893260543
426.0	0.6422727272727273	0.7065099191353449	0.5925149159639705
521.0	0.6022727272727273	0.7097165172553579	0.5279891278145287
898.0	0.6022727272727273	0.7201223462215235	0.6566088137098904
556.0	0.5522727272727272	0.6569215613935214	0.7219194991393385
876.0	0.6022727272727273	0.7024757175591181	0.5777291778284208
995.0	0.6022727272727273	0.7153365866032393	0.7455490031884766
801.0	0.6022727272727273	0.6168883144261206	0.5948067867617656
111.0	0.6022727272727273	0.7225560308029265	0.6517083463800573
166.0	0.568939393939394	0.7775334293372373	0.5996009500186964
1060.0	0.568939393939394	0.6411714281179056	0.5455225692205637
188.0	0.6022727272727273	0.7262586742189598	0.7005258279784883
1183.0	0.6022727272727273	0.7133826118633432	0.6878665682439544
1017.0	0.5522727272727272	0.6419543200122374	0.5813909410410205
655.0	0.6022727272727273	0.6655830216629255	0.7826468638217495
622.0	0.6022727272727273	0.667633535503924	0.636194180963029
758.0	0.6022727272727273	0.6741426271135422	0.628449271475839
1219.0	0.568939393939394	0.7238677823163517	0.44855183794651693
265.0	0.6022727272727273	0.6887816824290448	0.6448864470917677
212.0	0.568939393939394	0.7461224094545166	0.8440588967952807
386.0	0.5522727272727272	0.7040031759867673	0.5474011623253969
1314.0	0.568939393939394	0.6293307877419191	0.46412544564948593
368.0	0.6022727272727273	0.6875355814304329	0.6750607136204324
1280.0	0.568939393939394	0.6532538522470746	0.6055354794677745
218.0	0.6022727272727273	0.6971694923214058	0.8928619439670574
1264.0	0.6022727272727273	0.7009877291675535	0.6385756060457775
1213.0	0.568939393939394	0.645194023750319	0.5750843613289579
281.0	0.5189393939393939	0.7008572661086852	0.7903663505771928
315.0	0.6022727272727273	0.7162270015932579	0.7882570442189055
362.0	0.6022727272727273	0.6403585088689967	0.8008144804227977
628.0	0.6022727272727273	0.6714058649854798	0.6194711551325326
725.0	0.6022727272727273	0.7587591309071764	0.683810291135442
752.0	0.6022727272727273	0.6579807779282335	0.65878822997453
943.0	0.568939393939394	0.6494160630218414	0.7362584761925592
519.0	0.6022727272727273	0.6978184815328206	0.6145499962991612
934.0	0.6022727272727273	0.6707482182075591	0.4650996426830131
414.0	0.6022727272727273	0.7066981285789519	0.673547386663547
580.0	0.568939393939394	0.7027604394278892	0.728209810213587
839.0	0.6022727272727273	0.6047191697516215	0.4967810881466332
463.0	0.6022727272727273	0.6706987355682494	0.687189673117079
1155.0	0.6022727272727273	0.7244354556176024	0.6431505703433619
129.0	0.6022727272727273	0.6814966903723865	0.494031510655109
1122.0	0.6022727272727273	0.7050526084229027	0.8650996323332063
1058.0	0.6022727272727273	0.655202617877277	0.8436742320927786
85.0	0.5522727272727272	0.6913634402094988	0.8411327405379617
154.0	0.6022727272727273	0.7008545311034868	0.721725888944381
1128.0	0.6022727272727273	0.6709681371218843	0.6355180665728204
123.0	0.6022727272727273	0.6854431369709532	0.928769655388419
1025.0	0.6022727272727273	0.6419252005354829	0.6577388086842565
1052.0	0.6022727272727273	0.6479879090561045	0.8013678701502478
564.0	0.6022727272727273	0.7594285950737673	0.67290320159853
949.0	0.6022727272727273	0.6313933197909635	0.7618319729035531
487.0	0.6022727272727273	0.713919375120523	0.8528097171506622
513.0	0.6022727272727273	0.730319031536391	0.4252271968820068
833.0	0.568939393939394	0.6513492725331709	0.6292327876725647
469.0	0.6022727272727273	0.7180971499262996	0.5756011870346066
844.0	0.6022727272727273	0.7590252244874379	0.9928709711008827
220.0	0.6022727272727273	0.7148739779130594	0.9422692485192954
257.0	0.568939393939394	0.63617794651136	0.8144089980589615
610.0	0.6022727272727273	0.7595482822366193	0.6911981591027517
784.0	0.568939393939394	0.6356094831362492	0.9263918462984554
667.0	0.6022727272727273	0.6686335439269655	0.3305318729876603
689.0	0.6022727272727273	0.7189393411227298	0.7773930433927805
760.0	0.6022727272727273	0.7005203451044335	0.6230635671826397
683.0	0.6022727272727273	0.5849931937407068	0.732944879769191
717.0	0.6022727272727273	0.7261873372882965	0.7923603840441034
1221.0	0.5522727272727272	0.7461463517904565	0.43558663681211285
1256.0	0.6022727272727273	0.7145490507018023	0.91317459352784
350.0	0.6022727272727273	0.703240601482794	1.0569364589486379
327.0	0.6022727272727273	0.6063999572686258	0.4873119092682127
1073.0	0.6022727272727273	0.6684741185905391	0.8954089106364909
1190.0	0.6022727272727273	0.7111326089366427	0.4800196046906693
1004.0	0.6022727272727273	0.6534591336652543	0.4014067337677815
102.0	0.6022727272727273	0.6772443522315383	0.3770709556868631
1109.0	0.5522727272727272	0.7480708326286275	0.5320251387396955
175.0	0.6022727272727273	0.6514128697406618	0.47394315740033904
865.0	0.6022727272727273	0.6031011505021276	0.4147028146890723
986.0	0.5522727272727272	0.72885053434112	0.42079434933244086
448.0	0.6022727272727273	0.7742342320025758	0.549948743245041
812.0	0.6022727272727273	0.7547639729712282	0.8568317773201678
532.0	0.6022727272727273	0.739304179278286	0.8087635517644297
968.0	0.568939393939394	0.7360759026775014	0.4641384846725368
545.0	0.6022727272727273	0.7183515154296998	0.475679510383551
442.0	0.6022727272727273	0.654883274448274	0.8286989409636842
818.0	0.5522727272727272	0.6760924775481596	0.5151206204900173
435.0	0.6022727272727273	0.7141596412234609	0.7872257020866175
915.0	0.6022727272727273	0.6837413669845298	0.7750665728978006
881.0	0.568939393939394	0.6699604957338111	0.7839633972397055
538.0	0.6022727272727273	0.7002550017164417	0.5731558973045335
962.0	0.5189393939393939	0.7442413756283969	0.8637649528721706
1079.0	0.6022727272727273	0.6996684460517726	0.6200669799859401
191.0	0.6022727272727273	0.739400055883541	0.31436280103359326
1103.0	0.6522727272727272	0.7485853617425875	0.8293484656403294
1097.0	0.6022727272727273	0.6827955823966518	0.7348302470381767
108.0	0.6022727272727273	0.7577827515247976	0.5059539045028434
1174.0	0.6022727272727273	0.7140021292878284	0.6284447171911937
736.0	0.6022727272727273	0.6730767515317818	0.5580158097373896
741.0	0.568939393939394	0.7213202511136184	0.6975608494043251
292.0	0.6022727272727273	0.6409395769915212	0.675667183085991
306.0	0.6022727272727273	0.6970134499747117	0.854648450341442
371.0	0.6022727272727273	0.6502265671416116	1.1029381056733314
1299.0	0.6022727272727273	0.596190504765222	0.909880331142672
1277.0	0.568939393939394	0.732234205587769	0.9793747750645535
1200.0	0.6022727272727273	0.7090459709434368	0.810276447745419
1307.0	0.5189393939393939	0.733859312150316	0.9235662323110527
1293.0	0.568939393939394	0.6338326018305651	0.5196181696047473
298.0	0.6022727272727273	0.7066534095257498	0.45107722727490973
276.0	0.5522727272727272	0.731008251170222	0.7329669176687568
201.0	0.5522727272727272	0.6245307406590566	0.7824138307095637
395.0	0.6022727272727273	0.7250082554148982	0.5944030195615178
646.0	0.6022727272727273	0.7148624300306954	0.5027653062461485
631.0	0.6022727272727273	0.7313533291189328	0.8130860157540407
820.0	0.6022727272727273	0.7364852400000136	0.7549502040765002
857.0	0.6022727272727273	0.7128297443350667	0.9061741571717039
599.0	0.6022727272727273	0.7367716057274611	0.9622023801995194
577.0	0.6022727272727273	0.675170261335673	0.6659341170364383
494.0	0.5522727272727272	0.7386333356334589	0.5636831042896406
500.0	0.6022727272727273	0.6331876798999913	0.5398724829844098
78.0	0.6022727272727273	0.661428318184532	0.5175459435516375
96.0	0.6022727272727273	0.660555481459113	0.6804913647785841
1036.0	0.6022727272727273	0.6805025545267777	0.7515002527024213
1041.0	0.6022727272727273	0.6566833592622909	0.4208347952958347
147.0	0.6022727272727273	0.67002231791299	0.4728917449978169
130.0	0.6022727272727273	0.5762973263848136	0.705696916007764
1146.0	0.6022727272727273	0.736366557090291	0.6635643412390068
1131.0	0.6522727272727272	0.6644799636366744	0.6823326079520515
407.0	0.6022727272727273	0.6494386559972959	0.7266052066289367
593.0	0.568939393939394	0.6884298516968365	0.7665336540008558
470.0	0.6022727272727273	0.6807783891629737	0.6327557054854934
950.0	0.6022727272727273	0.5751669935320747	0.5608031349581839
927.0	0.6022727272727273	0.6080169865087613	0.6608951289104842
343.0	0.6022727272727273	0.6664095090673534	0.5717055642019079
1348.0	0.6022727272727273	0.6979635732314197	0.735498593234595
334.0	0.6022727272727273	0.6846044638391454	0.4562219957978838
1232.0	0.5522727272727272	0.7308142721907047	0.6161749488000219
1245.0	0.6022727272727273	0.710748594378989	0.38235167924160834
239.0	0.6022727272727273	0.7342348179247346	0.8232950653292817
773.0	0.6022727272727273	0.7061616741739155	0.9361567841266321
690.0	0.6022727272727273	0.6511399702940496	0.7739808292249856
704.0	0.5522727272727272	0.657183489281453	0.6827827390987407
609.0	0.6022727272727273	0.6469774889970481	1.044178541237787
779.0	0.6022727272727273	0.7353121341574116	0.4323475119569326
603.0	0.5772727272727273	0.6709355580789125	0.5571428952596666
797.0	0.6022727272727273	0.676618104690433	0.4549111115385286
674.0	0.6022727272727273	0.7013124797019555	0.4018559472418056
1342.0	0.6022727272727273	0.7511562751348306	0.7190432747045251
349.0	0.6022727272727273	0.6857258012885096	0.6354657770879907
1335.0	0.6022727272727273	0.7237127590098602	0.5867350330211147
233.0	0.6022727272727273	0.6500774630038308	0.5647830990492706
244.0	0.6022727272727273	0.6535785480773986	0.37826952263790753
1238.0	0.5189393939393939	0.6678568615389766	0.6237919042113658
1242.0	0.6022727272727273	0.706157203661644	0.6113197640862779
1235.0	0.5522727272727272	0.681797912422843	0.8193678138977993
249.0	0.6022727272727273	0.7684099300269236	0.6617873590547083
333.0	0.5522727272727272	0.6679516888892119	0.8384651732481269
1338.0	0.568939393939394	0.6820934934242397	0.5881848548392868
344.0	0.6022727272727273	0.6738135218535407	0.7673470955630886
679.0	0.6522727272727272	0.6412387035787701	0.6410766242843393
703.0	0.5522727272727272	0.691240086526544	0.868172651887801
697.0	0.6022727272727273	0.6966031889522993	0.6742600387692882
774.0	0.568939393939394	0.7188540316063022	0.9032500439258533
673.0	0.6022727272727273	0.7259238269290307	0.6356935590049769
790.0	0.6022727272727273	0.6902624231711488	0.9723572439429384
604.0	0.6022727272727273	0.7322116439226707	0.6739715595252562
709.0	0.568939393939394	0.7257379296454239	0.7379672190282047
243.0	0.6022727272727273	0.6982213230693667	0.8254285723610626
234.0	0.6022727272727273	0.6846902980245029	0.4056679809285596
1248.0	0.6022727272727273	0.7213349182108856	0.8389670411656385
1332.0	0.6022727272727273	0.6088080732340083	0.5640190646305858
339.0	0.6022727272727273	0.7068409873901853	0.48406641720360555
1345.0	0.6022727272727273	0.7132389915465176	0.7714981638171682
507.0	0.6022727272727273	0.6756444397517507	0.5109695336876816
493.0	0.568939393939394	0.6800579916772503	0.7469334008816737
570.0	0.6022727272727273	0.6696089304817013	0.9063639179977702
850.0	0.6022727272727273	0.7435569738306206	0.9095201221742449
827.0	0.6022727272727273	0.7038058913542785	0.9607092465984922
91.0	0.6022727272727273	0.7207977455953558	0.7412607830621423
137.0	0.6022727272727273	0.6344952994263942	0.6984489595790386
140.0	0.6022727272727273	0.7037767026850181	0.6227175301758573
1046.0	0.5522727272727272	0.6862943236102358	0.7678433143709508
1031.0	0.6022727272727273	0.672349912704848	0.8485365938118385
75.0	0.6022727272727273	0.7642814520080515	0.8320958030320267
1136.0	0.568939393939394	0.6809375091520437	0.6907343814256602
1141.0	0.6022727272727273	0.6700528014293788	0.8802521804415202
920.0	0.6022727272727273	0.7090465898237204	0.9289117266795144
499.0	0.6022727272727273	0.6669305734746751	0.5837703676740496
957.0	0.6022727272727273	0.626329025013788	0.6911854829147444
477.0	0.6022727272727273	0.7338266512967759	0.5132396526518878
594.0	0.568939393939394	0.7407860576506918	0.6883870444680157
400.0	0.5522727272727272	0.6660728441098234	0.5489503242946567
746.0	0.6022727272727273	0.6436083283716592	0.5502670012406766
731.0	0.568939393939394	0.6811330994521839	0.5614354333812882
1207.0	0.6022727272727273	0.7573730090188464	0.7867116582821099
398.0	0.5522727272727272	0.7099812292536343	0.6483328435800199
1270.0	0.5522727272727272	0.7033169560520727	0.6942912902500776
376.0	0.6022727272727273	0.7448088424138571	0.5076544329601466
301.0	0.6022727272727273	0.6667246629171569	0.368751086821346
295.0	0.5522727272727272	0.6721225107603207	0.6234887919972207
392.0	0.6022727272727273	0.6259716359214721	0.535944632145474
206.0	0.6022727272727273	0.6809289536563099	0.8464968462086753
271.0	0.6022727272727273	0.7617292674720385	0.7456547335657056
1294.0	0.6022727272727273	0.713502979046725	0.7831543830328219
1300.0	0.6022727272727273	0.7415584637393846	0.9514124619103341
636.0	0.6022727272727273	0.7256457735278238	0.2418251567767454
641.0	0.6022727272727273	0.6160540627132347	0.6822831534046139
172.0	0.6022727272727273	0.668116464510555	0.6748826084340033
1179.0	0.5522727272727272	0.7007070898093188	0.6418733923913886
105.0	0.6022727272727273	0.7442852140875056	0.5999736869861194
1003.0	0.6022727272727273	0.712546267724629	0.600671514478206
1197.0	0.6022727272727273	0.6786817731545219	0.6224892382295995
1074.0	0.6022727272727273	0.7587701151127964	0.9666336951141806
542.0	0.6022727272727273	0.6951019152382341	0.6102570071971206
918.0	0.6022727272727273	0.6875594005240981	0.8680377621211022
535.0	0.6022727272727273	0.6732342888678264	0.8530991546642627
815.0	0.568939393939394	0.6907255403330627	0.33193474567252756
981.0	0.6022727272727273	0.688893297942362	0.44289691180886404
438.0	0.5522727272727272	0.6685522818754163	0.598852803015654
862.0	0.6022727272727273	0.7371381258402314	0.9606642157769784
965.0	0.6022727272727273	0.6809558760117698	0.733861036294646
548.0	0.6022727272727273	0.7147467425863682	0.7450148605979937
886.0	0.6022727272727273	0.74635155576624	0.8552826262174603
912.0	0.6022727272727273	0.6364035027373737	0.5317230933926901
432.0	0.6022727272727273	0.6803781658493273	0.6012363396225328
868.0	0.6022727272727273	0.6149382519881712	0.737742518341014
445.0	0.568939393939394	0.6823234020579027	0.9692187665861294
1173.0	0.568939393939394	0.6952584409898828	0.8376625216714167
1090.0	0.6022727272727273	0.7063232893009672	0.7719593848934175
178.0	0.5189393939393939	0.7242994132448326	0.47019475228061813
1104.0	0.568939393939394	0.6849851310300675	0.5414079967160825
196.0	0.6022727272727273	0.7486067367688617	0.6600514128521332
1009.0	0.6022727272727273	0.7706459580830398	0.6153618676882138
1321.0	0.6022727272727273	0.7247266452109531	0.8975871839189544
250.0	0.5522727272727272	0.7050727491761308	0.7839368537708706
227.0	0.6022727272727273	0.6906631031961955	0.6168189875072367
660.0	0.6022727272727273	0.642989637183502	0.6445412023078329
783.0	0.568939393939394	0.700601178444238	0.696356034483062
617.0	0.6022727272727273	0.6753380143910013	0.695101789287491
710.0	0.6022727272727273	0.6612839337566744	0.484935286073468
684.0	0.568939393939394	0.6816580604995797	0.677081923698974
767.0	0.6022727272727273	0.5915711113514484	0.6984206547949546
789.0	0.6022727272727273	0.6784782869582675	0.5913512909843326
320.0	0.6022727272727273	0.7095892704788238	0.7775825730381732
357.0	0.5522727272727272	0.6882057253527459	0.6483232470536946
1251.0	0.568939393939394	0.7101505730643285	0.596421231243118
1226.0	0.6022727272727273	0.6396222423557782	0.7211093631920509
464.0	0.568939393939394	0.7460311595958222	0.45030613128011016
587.0	0.6022727272727273	0.6773911933990977	0.7021637875423805
849.0	0.5522727272727272	0.7127173323787319	0.5314034111659337
413.0	0.5522727272727272	0.6663919431414375	0.5778820764235516
933.0	0.6022727272727273	0.7537883761113979	0.6507296340497405
569.0	0.5522727272727272	0.6709596012600568	0.9256107983348025
944.0	0.6022727272727273	0.7059418603227672	0.5828859915677801
88.0	0.6022727272727273	0.6979458064385465	0.7160058661721657
1028.0	0.568939393939394	0.6516641359939342	0.6315059577419164
1125.0	0.6022727272727273	0.6843386683292556	0.6869574154702534
159.0	0.6022727272727273	0.623862581014401	0.4832931355315796
1152.0	0.6522727272727272	0.7232958292470716	0.9189491598626143
82.0	0.6022727272727273	0.7027655006711927	0.6966074856653481
1055.0	0.5189393939393939	0.6886405733636175	0.6763313879642119
1022.0	0.6022727272727273	0.6448480532544195	0.914032529524122
124.0	0.6022727272727273	0.6707359572412223	0.6992410453793766
1158.0	0.6022727272727273	0.7674572077988897	0.7742638699105276
153.0	0.6022727272727273	0.7595678593296531	0.7019429975630245
843.0	0.5022727272727272	0.626775756097406	0.747605949521856
419.0	0.6022727272727273	0.6929162946479959	0.7126636654003721
834.0	0.5522727272727272	0.6048473327367627	0.501114428112409
514.0	0.5522727272727272	0.7025754157165754	0.5060960525032301
480.0	0.6022727272727273	0.6925672359101046	0.7008159060017538
939.0	0.568939393939394	0.7134790615299129	0.8328445790221903
563.0	0.6022727272727273	0.6631299049491605	0.49855869256495616
728.0	0.6022727272727273	0.5728351313811528	0.8693934138550073
625.0	0.6022727272727273	0.6856092194655918	0.8094264248580553
652.0	0.6022727272727273	0.7234135513612003	0.777184719544762
318.0	0.6022727272727273	0.691466887933514	0.7526148763481724
1287.0	0.6022727272727273	0.7524484536305793	0.8037370611477134
1313.0	0.568939393939394	0.6548870923692217	0.9395785946168153
381.0	0.6022727272727273	0.6094979194225825	0.827082357176929
1269.0	0.6022727272727273	0.6124410608665344	0.7667239151062394
215.0	0.6022727272727273	0.7390662508253082	0.7191183489743532
262.0	0.6022727272727273	0.6823952277848282	0.8417419995156006
365.0	0.6022727272727273	0.6744616526271789	0.9324060774552815
1319.0	0.6189393939393939	0.6828125191660513	0.7384802831902266
312.0	0.6022727272727273	0.641205889779128	0.7584848432733172
286.0	0.6022727272727273	0.7302967589215931	0.5007287307740224
268.0	0.6022727272727273	0.6730379761035833	0.41046036847559114
1214.0	0.6022727272727273	0.5979520019991049	0.7798015789028951
1263.0	0.46893939393939393	0.6875393053745003	0.8168535845629862
755.0	0.6022727272727273	0.5756160958016646	0.6878848165214226
722.0	0.568939393939394	0.7207229218296503	0.4723623306086193
658.0	0.568939393939394	0.7053754692398544	0.6300720322386997
185.0	0.6022727272727273	0.6982341761484814	0.7311013342091879
1160.0	0.568939393939394	0.7282508855127292	0.7561834782263545
1083.0	0.6022727272727273	0.6330918543141123	0.7544285080487563
1117.0	0.568939393939394	0.6647552706856766	0.7592793408773876
421.0	0.5522727272727272	0.5983451906234456	0.5624162899272832
456.0	0.6022727272727273	0.632749747034342	1.0319257846457106
998.0	0.5522727272727272	0.7201065309029077	0.6131972296679049
976.0	0.568939393939394	0.7207183823532121	0.6697297577150396
895.0	0.6022727272727273	0.6768035987682846	0.6499718712085953
901.0	0.6022727272727273	0.6462244502288028	0.7528189686127957
806.0	0.5522727272727272	0.7157140230461441	0.6776429031499963
992.0	0.6022727272727273	0.6652621765062873	0.8142739082005647
871.0	0.6022727272727273	0.7303704271987265	0.681725428158398
551.0	0.6022727272727273	0.6994375778454424	0.8877778945517653
526.0	0.6022727272727273	0.7528747776965509	0.8232669892649624
1010.0	0.6022727272727273	0.6902950736461176	0.42203783455986116
1184.0	0.6022727272727273	0.729893231646413	0.5800287595236786
1067.0	0.543939393939394	0.6944563000003087	0.5329092338521118
1089.0	0.568939393939394	0.6791481100415544	0.7571206737112056
161.0	0.6022727272727273	0.7631259564381636	0.37478042781616316
116.0	0.5522727272727272	0.7527195250213773	0.6709033071431693
751.0	0.568939393939394	0.7191975301036124	0.6254380196118908
726.0	0.6022727272727273	0.6213738964550158	0.5855727777772003
1210.0	0.568939393939394	0.7156321734464288	0.5697816905345291
1267.0	0.6022727272727273	0.7009522051614078	0.9103922489522398
361.0	0.6022727272727273	0.7232660976112457	0.958721676749804
1289.0	0.6022727272727273	0.6375140857229753	0.5358136685118216
282.0	0.6022727272727273	0.725138417277514	0.5874760477580885
316.0	0.6022727272727273	0.7175642053933843	0.4152585144004709
211.0	0.5522727272727272	0.6498921394147684	0.6017928987977843
385.0	0.6022727272727273	0.6003843711870319	0.660521464013724
266.0	0.6022727272727273	0.7147373843022371	0.9035853316382949
288.0	0.6022727272727273	0.7279354493473221	0.6485167528676997
1317.0	0.6022727272727273	0.6406022556143809	0.6648349881142536
1283.0	0.6022727272727273	0.7165773064511075	0.8678109382114856
621.0	0.5522727272727272	0.719856004467401	0.7364575316266887
656.0	0.6022727272727273	0.6854626611922118	0.6098095282730425
165.0	0.6022727272727273	0.7204206043022505	0.6760680808069943
1119.0	0.543939393939394	0.6911453024392347	0.6883896500987389
112.0	0.568939393939394	0.7264393125937098	0.7301593013027444
1180.0	0.6022727272727273	0.6568043323331977	0.7817684583307696
1014.0	0.568939393939394	0.7434316971088419	0.71875465350965
1063.0	0.6022727272727273	0.6669505573210701	0.8223842569310873
555.0	0.6022727272727273	0.6716087861999468	0.8250159483491606
522.0	0.6022727272727273	0.6336511017945843	0.5096715716133753
978.0	0.6022727272727273	0.6461147564213378	0.8090209779807725
458.0	0.6022727272727273	0.6191529660528167	0.6534242202480359
996.0	0.6022727272727273	0.7002863539640213	0.4920505000411942
802.0	0.568939393939394	0.7054120276247365	0.7647546328741137
875.0	0.6022727272727273	0.5939700901826399	0.7107333623057231
528.0	0.5189393939393939	0.6662381309422835	0.7962373464827077
972.0	0.6022727272727273	0.6565142878943285	0.8328794947104499
905.0	0.6022727272727273	0.5999738499040971	0.5268443621531096
891.0	0.6022727272727273	0.6770903524694682	0.6051708426697481
425.0	0.6022727272727273	0.6960002828343649	0.7141285875612948
452.0	0.6022727272727273	0.6988715463686447	0.779483603554871
808.0	0.6022727272727273	0.7390284430516815	0.8401659399763837
1164.0	0.6022727272727273	0.7271764605765264	0.3455270657930342
118.0	0.6022727272727273	0.5647068602191737	0.5773812657906165
1113.0	0.6022727272727273	0.7348636019786771	0.578097913578798
1087.0	0.6022727272727273	0.6714598670010211	0.5818309988119121
1069.0	0.6022727272727273	0.6936675804698227	0.6223046900291956
181.0	0.568939393939394	0.7395276980587535	0.7407850377091131
229.0	0.6022727272727273	0.648497705368371	0.690553102533034
1255.0	0.568939393939394	0.7325381915982382	0.7276548508365656
1222.0	0.6022727272727273	0.6861393082862434	0.548928571308498
324.0	0.6022727272727273	0.7543533167462873	0.7203757967926429
353.0	0.6022727272727273	0.7081891848200879	0.7345707536066154
619.0	0.6022727272727273	0.6416106330543448	0.7463592450547545
680.0	0.6022727272727273	0.6136957470176339	0.6578849867250175
714.0	0.6022727272727273	0.696752770280207	0.8364010476369074
763.0	0.6022727272727273	0.7116820327335948	0.6308250619390187
664.0	0.6022727272727273	0.6894811792285506	0.8304571570309721
613.0	0.6022727272727273	0.6908438000422192	0.7182769841293821
787.0	0.6022727272727273	0.6561681742671328	0.34794428199055105
769.0	0.6022727272727273	0.6539296810721091	0.9410646789986411
1228.0	0.6022727272727273	0.6938856639772315	0.4595141940454422
254.0	0.6022727272727273	0.7169537906796523	0.751382666509208
223.0	0.568939393939394	0.6856946891942991	0.8360354128382369
359.0	0.6022727272727273	0.67303298074577	0.7947635398910228
484.0	0.6022727272727273	0.6808076715097896	0.9061713894686021
510.0	0.6022727272727273	0.7400885222517617	0.38082104913733067
567.0	0.6022727272727273	0.6943051187591173	0.7668246316782928
589.0	0.6022727272727273	0.6710446114353548	0.7486504876390103
847.0	0.6022727272727273	0.6970570613554816	0.37576128320123114
830.0	0.6022727272727273	0.6431459425182439	0.7533270409326684
120.0	0.5522727272727272	0.7152298546742192	0.5623498061635163
157.0	0.6022727272727273	0.6910128253136001	0.5936864879539593
1051.0	0.6022727272727273	0.7189197916244221	0.6740832000840273
1026.0	0.6022727272727273	0.6453808049416343	0.6493097721947206
86.0	0.5189393939393939	0.7522383966664782	0.6192129405665119
1121.0	0.5522727272727272	0.6370793562417957	0.8385796255693801
1156.0	0.6022727272727273	0.7061436606377568	0.6643150706842422
937.0	0.5772727272727273	0.7058633645582553	0.5148307254438061
940.0	0.6022727272727273	0.6459699488327476	0.4712680969450541
460.0	0.6022727272727273	0.7129655530920658	0.8267197150220305
417.0	0.6022727272727273	0.7514082392126655	0.6473943073824163
583.0	0.6022727272727273	0.6783992358476288	0.5836436552157288
748.0	0.6022727272727273	0.7131857595983587	0.843784004319863
632.0	0.568939393939394	0.7150496323961881	0.5836420911136327
645.0	0.6022727272727273	0.6516378129206867	0.4788943972539053
378.0	0.6022727272727273	0.7270107699250737	0.9168407157950089
1304.0	0.6022727272727273	0.7229414593932102	0.8894049655483103
1290.0	0.6022727272727273	0.6914792397396649	0.6279237191483606
202.0	0.6022727272727273	0.6970677778194758	0.7630277111439389
396.0	0.6022727272727273	0.6574624040298686	0.6061589852564796
275.0	0.568939393939394	0.6448464187364056	0.8544824961685127
1209.0	0.568939393939394	0.711775924704117	0.7837050237629819
372.0	0.6022727272727273	0.5231431628713268	0.7255919481587355
291.0	0.6022727272727273	0.6956152671325007	0.5763461456652234
305.0	0.6022727272727273	0.6867316620060108	0.6872835826690198
1203.0	0.5522727272727272	0.7036167523392645	0.8594106473746985
1274.0	0.6022727272727273	0.6103116901240959	0.5582070270657009
208.0	0.6022727272727273	0.5549084540697213	0.7558303502526201
742.0	0.6022727272727273	0.671488614662888	0.8871690268749198
735.0	0.6022727272727273	0.7145353698734539	0.6588217115628537
638.0	0.6022727272727273	0.6910472934732271	0.7294044648033637
192.0	0.6022727272727273	0.687886455526232	0.8550054535090513
1199.0	0.5522727272727272	0.6097791132313178	0.40729549251083974
1177.0	0.6022727272727273	0.6786988207986998	0.8227313507270118
1100.0	0.6022727272727273	0.6878159302535191	0.3554540356067307
1094.0	0.6022727272727273	0.6781325991219902	0.8889349938665077
436.0	0.6022727272727273	0.6632886515092078	0.727118434600759
441.0	0.5522727272727272	0.7167571261607898	0.9361558714454166
961.0	0.6022727272727273	0.6218514562876081	0.6433861555078464
916.0	0.6022727272727273	0.7344036355960567	0.5197932575919632
882.0	0.6022727272727273	0.6632981104782711	0.7696719387912418
985.0	0.6022727272727273	0.6694190149324206	0.7827239441151984
811.0	0.6022727272727273	0.6860646288592733	0.510929568197799
866.0	0.6022727272727273	0.7101475804643436	0.6074262585380998
546.0	0.6022727272727273	0.7006558912619356	0.7509025059511804
888.0	0.6522727272727272	0.7327270701778287	1.014388654565963
531.0	0.6022727272727273	0.6706712130122499	0.7061467748355439
1193.0	0.6022727272727273	0.7646347821266919	0.8441081468605129
1007.0	0.6022727272727273	0.6928810031157543	0.5784931420917834
1070.0	0.6022727272727273	0.7067788538310381	0.7182292494957182
198.0	0.6022727272727273	0.6546043907688267	0.7739626380219014
176.0	0.6022727272727273	0.6126088100487496	0.6767419906170423
101.0	0.6022727272727273	0.7420449473210801	0.93618944548552
1336.0	0.6022727272727273	0.6339214458520289	0.787378271519169
1341.0	0.6022727272727273	0.7039095149079735	0.7008085109951226
247.0	0.6022727272727273	0.6537897579562783	0.5722080248833062
230.0	0.6022727272727273	0.6890502067417112	0.8274136533574041
699.0	0.6022727272727273	0.6695022301545615	0.7816985116664718
677.0	0.6022727272727273	0.693004934487191	0.8031785632102331
600.0	0.6022727272727273	0.6930889138884345	0.4896417949729094
794.0	0.6022727272727273	0.6743293698961265	0.49197964789991505
693.0	0.6022727272727273	0.68271662596764	0.5920027074737179
707.0	0.5522727272727272	0.6875743491063474	0.6536572069467772
770.0	0.568939393939394	0.7157575555793554	0.5350053517981076
337.0	0.6022727272727273	0.7320729889500524	0.788892194789525
340.0	0.6022727272727273	0.7135225171958072	0.8326148845120487
1246.0	0.6022727272727273	0.7091143772476332	0.8023184672543783
1231.0	0.568939393939394	0.749543060349157	0.5821269773689549
829.0	0.6022727272727273	0.6734268282678364	0.8535038480987938
473.0	0.6022727272727273	0.6537793184947236	0.7343002496392635
404.0	0.6022727272727273	0.7105783087817639	0.5358149236818328
590.0	0.6022727272727273	0.6580854223417956	0.7624924690320624
924.0	0.6022727272727273	0.7578532309883421	0.5884108806494839
953.0	0.568939393939394	0.677850507454697	0.7450074715322251
509.0	0.6022727272727273	0.6964833486327409	0.6854996717132378
1048.0	0.6022727272727273	0.6642647273795991	0.7229735566800097
1132.0	0.568939393939394	0.7041296824487357	0.7352592610281194
139.0	0.568939393939394	0.6731586791831716	0.7493150031519578
1145.0	0.568939393939394	0.6873504203214269	1.0908921579225346
1042.0	0.6022727272727273	0.6778738357917966	0.6829387962104195
1035.0	0.6022727272727273	0.6815772731389588	0.7177383291371493
133.0	0.6022727272727273	0.7403037006482168	0.6019616787668044
1138.0	0.6022727272727273	0.7409354831423646	0.6166489920873568
144.0	0.5522727272727272	0.6953345327613718	0.7071592120189883
95.0	0.6022727272727273	0.6670241341899974	0.5796156967749995
854.0	0.568939393939394	0.6199455573682396	0.4633714684380262
823.0	0.568939393939394	0.593846664567739	0.5669953118662424
479.0	0.6022727272727273	0.7182897963390303	0.9486448715582092
497.0	0.6022727272727273	0.6777549770441975	1.0241104771685303
959.0	0.6022727272727273	0.66402607053042	0.5998703022916616
503.0	0.6022727272727273	0.6834488648041449	0.758311022343283
574.0	0.5522727272727272	0.6866129747549942	0.5324032925235948
954.0	0.6022727272727273	0.7613339883738254	0.7873300182999545
923.0	0.568939393939394	0.7152012938368251	0.5249940729664454
579.0	0.6022727272727273	0.678905378595926	0.5846437025141153
859.0	0.6022727272727273	0.7151343440188422	0.7049853100246661
597.0	0.5522727272727272	0.69794837251416	0.5655296611036069
403.0	0.6022727272727273	0.6192771863482237	0.8942886636548142
474.0	0.6022727272727273	0.748906040932035	0.6251415658028641
1142.0	0.6022727272727273	0.718904849332917	0.8946311923238774
149.0	0.6022727272727273	0.6690934144095088	0.6761128730628501
1135.0	0.6022727272727273	0.6655382406714537	0.4107535760612322
1038.0	0.6022727272727273	0.676375810382287	0.7342699257498708
98.0	0.5189393939393939	0.7697665821113288	0.5619494465031697
76.0	0.6022727272727273	0.6667880402391406	0.8093761947709832
143.0	0.568939393939394	0.6612382860797883	0.8536681941328783
1148.0	0.6022727272727273	0.6332947952766316	0.5601173463644626
134.0	0.6022727272727273	0.7276717010959325	0.6244876236633197
1032.0	0.6022727272727273	0.6596766462087215	0.8824112194523973
1045.0	0.6022727272727273	0.6712567622353109	0.8640864178971197
92.0	0.6022727272727273	0.7599038094162411	0.545568191449738
929.0	0.6022727272727273	0.6977999526017289	0.6369416513907226
573.0	0.6022727272727273	0.7404535504580704	0.8568564197144788
504.0	0.6022727272727273	0.6978590100055425	0.6583671374859742
490.0	0.568939393939394	0.6630875852564178	0.9345326810152944
824.0	0.6022727272727273	0.6370426553564017	0.7084451793376314
853.0	0.6022727272727273	0.6848940444637737	0.6417245014838042
409.0	0.6022727272727273	0.7535417891712961	0.5079432589870754
237.0	0.6022727272727273	0.6335957797133134	0.833434683474527
240.0	0.568939393939394	0.6860202292291235	0.9875937501794653
1346.0	0.568939393939394	0.7083344846050668	0.7632715290400786
1331.0	0.6022727272727273	0.7338362337429191	0.7038186834807302
793.0	0.6022727272727273	0.6716316258791898	0.6037033131169659
607.0	0.6022727272727273	0.5504534990841349	0.6215913737218555
670.0	0.6022727272727273	0.7485043902464655	0.782573108517203
799.0	0.6022727272727273	0.7272741939084719	0.6788813784767483
777.0	0.6022727272727273	0.7590491974444181	0.5505689389111561
700.0	0.5522727272727272	0.7338188031824425	0.5509290079434853
694.0	0.6022727272727273	0.6648159681327434	0.5479790076337212
1236.0	0.6022727272727273	0.6513957130938756	0.495472814064731
1241.0	0.5189393939393939	0.7555772934846229	0.6387950209613911
347.0	0.6022727272727273	0.6523638526577311	0.6813472084013018
330.0	0.568939393939394	0.7323452293536201	0.52697640852963
1093.0	0.6189393939393939	0.6500623569165495	0.8406797396883015
1107.0	0.6022727272727273	0.6803312742141258	0.772695338999555
1170.0	0.5522727272727272	0.6796501969350351	0.7809076747651197
195.0	0.6022727272727273	0.7316534314096916	0.7939831900054772
885.0	0.6022727272727273	0.6674423311269906	0.8019196786285092
911.0	0.5522727272727272	0.5951959357633029	0.5638760521162
966.0	0.568939393939394	0.6864392371389126	0.30402294978626876
988.0	0.6022727272727273	0.7260346743116027	0.6188519617861609
446.0	0.6022727272727273	0.6016461129826167	0.4766335744301442
431.0	0.5189393939393939	0.7340876234256438	0.41620568372778977
536.0	0.6022727272727273	0.7143213540335455	0.4854444476728431
541.0	0.568939393939394	0.670673892139707	0.5367693772275831
861.0	0.5522727272727272	0.6658288992303748	0.6099075540681814
816.0	0.6022727272727273	0.6881337393768063	0.5660023538120437
982.0	0.5522727272727272	0.677029099333098	0.7876635609344974
106.0	0.6022727272727273	0.6597939491679281	0.5244602266536909
1099.0	0.568939393939394	0.7196166158441142	0.5551206338573125
171.0	0.6022727272727273	0.6493614811969396	0.8358586329523692
1077.0	0.5522727272727272	0.6246860301033588	0.8253396725841177
1000.0	0.6022727272727273	0.705433349764343	0.863346384920574
1194.0	0.6022727272727273	0.7366938859375621	0.7325690213748874
642.0	0.568939393939394	0.7291270266427812	0.6143893869420904
635.0	0.6022727272727273	0.6805131881363202	0.6477870805354381
738.0	0.6022727272727273	0.6212572073871292	0.7076514310899957
272.0	0.6022727272727273	0.695002263406165	0.574606606779262
391.0	0.6022727272727273	0.6918421928124353	0.7347033713888433
205.0	0.5522727272727272	0.6217885515586579	0.8843570933162952
1279.0	0.6022727272727273	0.7220624091669215	0.8351366756023353
1297.0	0.6022727272727273	0.6757148641214688	0.2975706062192196
1303.0	0.6022727272727273	0.6673120593288563	0.76281033206945
308.0	0.6022727272727273	0.7564756134068638	0.6345163576341524
1273.0	0.6022727272727273	0.761964080125124	0.5305775933736192
1204.0	0.6022727272727273	0.7062233639107313	0.4373477784854946
278.0	0.568939393939394	0.7699997023714119	0.5655503472008205
302.0	0.6022727272727273	0.706345121439966	0.548546645448628
296.0	0.6022727272727273	0.7075747401791426	0.6549824738173746
1309.0	0.6022727272727273	0.6958238960017908	0.7960975015872546
375.0	0.6022727272727273	0.7121302110024027	0.6952148395080502
648.0	0.6022727272727273	0.705396703691163	0.794344825994583
732.0	0.6022727272727273	0.7327873847753028	0.7020667907383429
745.0	0.5522727272727272	0.610849240027639	0.7484442360675303
837.0	0.6022727272727273	0.7420915509427923	0.8631316514691886
840.0	0.5022727272727272	0.624454097386013	0.6308300666069603
560.0	0.6022727272727273	0.7375072225906961	1.0568960749614926
517.0	0.5522727272727272	0.6405404127194634	0.717463088925606
483.0	0.6022727272727273	0.6383412004849985	0.6318776903565808
1021.0	0.6022727272727273	0.7016917617924447	0.8589672490882351
1056.0	0.6022727272727273	0.7096071788755055	0.9475363766282217
150.0	0.6022727272727273	0.7042948524077532	0.765174937624914
127.0	0.6022727272727273	0.7275846545331291	0.6218920117970574
81.0	0.6022727272727273	0.6802506094645729	0.6955366260654972
1151.0	0.568939393939394	0.6383496952337903	0.5798156367081632
1126.0	0.6022727272727273	0.6645505566291172	0.4824565745723749
584.0	0.6022727272727273	0.6799794940123902	0.5878552442867457
410.0	0.6022727272727273	0.6091774294415481	0.44041825655825984
467.0	0.6022727272727273	0.7230057285934303	0.6968904851518367
947.0	0.6022727272727273	0.6828142758829856	0.4831168536026646
489.0	0.6022727272727273	0.7246435355432973	0.8060437748028709
930.0	0.5522727272727272	0.6681279193564943	0.5586985162676821
354.0	0.6522727272727272	0.6861894040666795	0.6756652628228317
323.0	0.6022727272727273	0.7118320243899623	0.577313326339232
259.0	0.6022727272727273	0.6987544433424298	0.8554903525750702
1225.0	0.6022727272727273	0.6921116526295364	0.8100518027891367
1252.0	0.6022727272727273	0.7320623639201489	0.5750043532720596
764.0	0.6022727272727273	0.6844391324748141	0.5276792958008266
713.0	0.6022727272727273	0.7047350094159647	0.41018218415091356
687.0	0.6022727272727273	0.6665988389382609	0.9900207220574014
669.0	0.6022727272727273	0.7040675922210754	0.6406400350855528
719.0	0.6022727272727273	0.6107087393126135	0.7782505435262441
780.0	0.6022727272727273	0.6711356653159236	1.0236251181081286
614.0	0.6022727272727273	0.712930571190177	0.558675203462396
663.0	0.6022727272727273	0.7007761954692278	0.3850651293985451
329.0	0.6022727272727273	0.6495278375291266	0.9137394078855479
1322.0	0.6022727272727273	0.7005685121263925	0.6039036018559872
1258.0	0.6022727272727273	0.7194170224015798	0.39030459715391624
224.0	0.568939393939394	0.7100583147294499	0.5070840885268493
253.0	0.6022727272727273	0.6573092979824423	0.65289481697242
1064.0	0.568939393939394	0.6912408359602311	0.6480435996419702
1013.0	0.6022727272727273	0.7214872624758402	0.25462403615557877
1187.0	0.6022727272727273	0.6908297484101469	0.9143008657860111
115.0	0.568939393939394	0.703720992701878	0.8073493143461241
1169.0	0.6522727272727272	0.7453098273683288	0.9953126309511436
162.0	0.568939393939394	0.5984296264371549	0.7056894590823879
428.0	0.6022727272727273	0.6866712814509779	0.4798746696117107
872.0	0.5189393939393939	0.7582749141040569	0.8497681986373954
805.0	0.6022727272727273	0.6360043424996283	0.8128963427953161
991.0	0.6022727272727273	0.6839938454830793	0.7977541373518093
525.0	0.5922727272727273	0.6986134404977968	0.6841134403162775
552.0	0.6022727272727273	0.7023968290894163	0.8407317926165679
908.0	0.6022727272727273	0.6559158946789667	0.7222103033852971
455.0	0.6022727272727273	0.745900819768804	0.6600968452551095
422.0	0.6022727272727273	0.6727708934979426	0.5265597159750333
878.0	0.5189393939393939	0.7048518363795102	0.8279071450357612
896.0	0.6022727272727273	0.6483666639300316	1.0048916934136782
558.0	0.6022727272727273	0.6915031448702197	0.7872815518965816
902.0	0.6022727272727273	0.6555171389044031	0.7656356168868684
975.0	0.6022727272727273	0.7275014638710192	0.7588560953878084
1019.0	0.6022727272727273	0.665103814915453	0.8995393933518451
186.0	0.6022727272727273	0.7006792820459841	0.6320031588539953
1080.0	0.6022727272727273	0.6785490490103983	0.7365816786385355
1114.0	0.6022727272727273	0.7521620751121444	0.7312912365838845
168.0	0.6022727272727273	0.6895397532751916	0.6011202654228274
1163.0	0.6022727272727273	0.7122308742570003	0.801427358794127
721.0	0.6022727272727273	0.7014236152873126	0.6042402981876079
756.0	0.5522727272727272	0.6629405042657686	0.3678252991574003
311.0	0.6022727272727273	0.6750727312349967	0.6362828177203863
285.0	0.6189393939393939	0.7402580597421622	0.6881555477154043
366.0	0.6022727272727273	0.6832733321362767	0.5357965729989088
388.0	0.6022727272727273	0.7258336957507024	0.6556108965385493
1260.0	0.6522727272727272	0.7387897038240511	0.9075045646975131
1217.0	0.5522727272727272	0.6626581169629302	0.5548861542412736
1284.0	0.6022727272727273	0.6603852543231158	0.5884727858659021
1310.0	0.5522727272727272	0.7510843276681692	0.8436859754051411
261.0	0.6022727272727273	0.7340780064813152	0.6885964563143921
382.0	0.6022727272727273	0.6586163559730616	0.6753229525795614
216.0	0.6022727272727273	0.6956504221517423	0.4817129468072638
651.0	0.6022727272727273	0.5943971966889209	0.588154347186911
626.0	0.6022727272727273	0.712621836793503	0.5405555168526262
356.0	0.6022727272727273	0.6746993017246805	0.7211739638653772
321.0	0.6022727272727273	0.6315676556798165	0.4694978402378943
1227.0	0.568939393939394	0.675890048621872	0.836029130374269
1250.0	0.6022727272727273	0.7503854491649915	0.6251331328998511
766.0	0.6022727272727273	0.6883163479811466	0.9799907050301794
711.0	0.6022727272727273	0.6957118918559279	0.6559606050879557
685.0	0.568939393939394	0.6213241491032886	0.866701200922829
788.0	0.6022727272727273	0.6384657322360554	0.6105720881597992
782.0	0.6022727272727273	0.7234471850975464	0.5570767788181108
616.0	0.5522727272727272	0.7701503786348308	0.6405609719804101
661.0	0.6022727272727273	0.7139261602505687	1.0769298097867894
1320.0	0.6022727272727273	0.6002253761572564	0.647320210177462
226.0	0.5522727272727272	0.6648909009600102	0.6342795498275094
251.0	0.568939393939394	0.7016508837288489	0.5275799212568367
835.0	0.6022727272727273	0.6972044792302299	0.6187333820728472
842.0	0.6022727272727273	0.6501555794968745	0.6610354373554372
418.0	0.5522727272727272	0.6240116594855993	0.8289883176065838
938.0	0.6022727272727273	0.6916536929585495	0.5670382257332656
562.0	0.6022727272727273	0.6643753989609946	0.7260121865291644
515.0	0.6022727272727273	0.6246168904886911	0.6633992350577105
481.0	0.6022727272727273	0.6723371282464349	0.7102100013612072
83.0	0.6022727272727273	0.7228316496964164	0.876900748730866
1023.0	0.6022727272727273	0.659759843027176	0.6555961381405829
1054.0	0.6022727272727273	0.7646348073314703	1.0813363680456476
152.0	0.568939393939394	0.6894176661542717	0.778881754546041
1159.0	0.6022727272727273	0.6859866019031581	0.7612091578125504
125.0	0.6022727272727273	0.56290283049602	0.4799740832914356
89.0	0.5522727272727272	0.7512699452561262	0.5979069054133674
1029.0	0.6022727272727273	0.6665627732193328	0.5905840971568184
1153.0	0.6022727272727273	0.5626420818498266	0.6858592102270038
158.0	0.6022727272727273	0.7088706442079848	0.5730693124711402
1124.0	0.6022727272727273	0.744834713703824	0.777426830029993
848.0	0.6022727272727273	0.6075423628002367	0.647962192529426
586.0	0.5522727272727272	0.6610636777332665	1.0698047812472131
412.0	0.5522727272727272	0.6321874721873877	0.6146410318432682
465.0	0.6022727272727273	0.6334926979983294	0.56829356943097
945.0	0.6022727272727273	0.6790861112670523	0.5601547086198972
932.0	0.6022727272727273	0.6922051868521981	0.7331468958839688
568.0	0.6022727272727273	0.6844487850127526	0.7317803881345746
723.0	0.6022727272727273	0.7395374066465842	1.0710036239591725
754.0	0.6022727272727273	0.7288523489615432	0.6654799093655113
659.0	0.6022727272727273	0.703737250518429	0.7726261531683846
313.0	0.6022727272727273	0.6548537845855623	0.7325078424402017
287.0	0.6022727272727273	0.7231901605065374	0.5577886275178127
1318.0	0.5522727272727272	0.6399293609221457	0.5342132899895159
364.0	0.6022727272727273	0.6932820913594026	0.7656841266571478
1262.0	0.6022727272727273	0.7368504295608604	0.5200460176443527
1215.0	0.5522727272727272	0.6566863650285096	0.5822414159926803
269.0	0.6022727272727273	0.6498788161576426	0.6169285689200104
1286.0	0.6022727272727273	0.6939450712788112	0.7450340132157277
1312.0	0.6022727272727273	0.6705628588796626	0.6826275925633853
319.0	0.6022727272727273	0.7251130873486005	0.8413304085928176
263.0	0.5522727272727272	0.7383191706909125	0.5739732686842403
380.0	0.6022727272727273	0.7046940003311764	0.6411412862389783
214.0	0.6022727272727273	0.7302758453357491	0.5679152231966393
1268.0	0.6022727272727273	0.723827110180707	0.676446262565213
729.0	0.568939393939394	0.7437325101660275	0.40978338592088953
653.0	0.6022727272727273	0.7489434056374992	0.5497386894453621
624.0	0.6022727272727273	0.7428297211232756	1.0013883650257105
1066.0	0.6022727272727273	0.6933937237900542	0.7647850146275114
1011.0	0.6022727272727273	0.6585475805656417	0.6680847620657483
1185.0	0.6022727272727273	0.5897534726089863	0.8702543797117719
117.0	0.6022727272727273	0.6819210540379108	0.6888133644041667
1088.0	0.6022727272727273	0.640566689606317	0.45452252028262996
160.0	0.6022727272727273	0.6882905859427404	0.7146956370269735
870.0	0.6022727272727273	0.7312670336278277	0.7110795879748414
807.0	0.6022727272727273	0.686960695152774	0.5203636428031796
993.0	0.6022727272727273	0.7112690500142332	0.37548147036649954
527.0	0.6022727272727273	0.6891402368779035	0.5255300617160203
550.0	0.6022727272727273	0.5809931899140003	0.6795251066033484
999.0	0.6022727272727273	0.6967390315078538	0.7123694842930317
457.0	0.568939393939394	0.6868105004622684	0.7786788671783491
420.0	0.6022727272727273	0.6695579203626926	0.47909861345009624
894.0	0.6022727272727273	0.705883510414817	0.8145349068335166
900.0	0.568939393939394	0.7150220372590818	0.5841101894938633
977.0	0.6022727272727273	0.6860853941666929	0.6089411994014977
184.0	0.543939393939394	0.704031221006909	0.7717801301520537
1082.0	0.568939393939394	0.6903589745963632	0.9715476504077375
1116.0	0.6422727272727273	0.720619995479062	0.7453052131988623
1161.0	0.6022727272727273	0.6851361761323647	0.6421686709791357
1249.0	0.6022727272727273	0.6332259619521177	0.7318649992248396
235.0	0.6022727272727273	0.7360074688149578	0.6135876260986887
242.0	0.6022727272727273	0.691390279112243	0.9339002529817341
1344.0	0.6022727272727273	0.6246746389938	0.4867249638536165
338.0	0.6022727272727273	0.6420428386228116	0.5276838796693634
1333.0	0.6022727272727273	0.6998707734383374	0.7926858538080462
791.0	0.6022727272727273	0.6853755203513396	0.7198481955733813
605.0	0.6022727272727273	0.6947232334103587	0.5995302768975435
672.0	0.6022727272727273	0.7443580428312117	0.5952798535018048
708.0	0.6022727272727273	0.6253122631927299	0.9167531289207446
678.0	0.6022727272727273	0.6889476085763704	0.41804353582217646
775.0	0.6022727272727273	0.6297036899312255	0.7521699316788141
702.0	0.6022727272727273	0.7495594901752665	0.5403939555547035
696.0	0.5522727272727272	0.7088525186050294	0.7170784687938266
248.0	0.6022727272727273	0.6548002269860498	0.7526536334753737
1234.0	0.6022727272727273	0.6626718196341483	0.8906747876648327
1243.0	0.568939393939394	0.7348024385583476	0.46509724915677275
345.0	0.568939393939394	0.7156240281016045	0.7321765359051108
1339.0	0.6022727272727273	0.6943078826976441	0.558556920815723
332.0	0.6022727272727273	0.693786425470154	0.5680703894405423
956.0	0.6022727272727273	0.6530434498258549	0.6184580610286674
498.0	0.6022727272727273	0.694212674173759	0.7530421242510303
921.0	0.6022727272727273	0.6609798569725581	0.4712688817352064
595.0	0.5189393939393939	0.6256000467262836	0.8793430366315295
401.0	0.6022727272727273	0.7011911977724345	0.6829809624446708
476.0	0.6022727272727273	0.7165894748783266	0.7082636903270345
1140.0	0.6022727272727273	0.7303803794180033	0.7625143655445301
1137.0	0.6022727272727273	0.666016292330757	0.5581632513146657
90.0	0.6022727272727273	0.6903995141582829	0.5519436916651861
141.0	0.568939393939394	0.6540591203570538	0.5815612989146743
136.0	0.6522727272727272	0.6615753044304064	0.5850593319270825
1030.0	0.5522727272727272	0.7028261886167712	0.6653198152096016
1047.0	0.6022727272727273	0.7110483736436536	0.7945451923115022
571.0	0.568939393939394	0.6388967748812262	0.5915351628740513
506.0	0.6022727272727273	0.7467150380853871	0.47018985571847677
492.0	0.5522727272727272	0.6210576468270328	0.6874148803204425
826.0	0.6022727272727273	0.7425553393240546	0.9242261953232178
851.0	0.6022727272727273	0.6970088899045919	0.7411530297535937
640.0	0.568939393939394	0.6631589077076387	0.5117186277177025
637.0	0.6022727272727273	0.7250056235789883	0.7420012690407145
270.0	0.6022727272727273	0.6720710784541866	0.6292334239108137
393.0	0.6022727272727273	0.6878081681879618	0.5383942676308969
207.0	0.5189393939393939	0.6866491116247047	0.6145885730170352
1295.0	0.6022727272727273	0.6543506816586031	0.49661489149344307
1301.0	0.6022727272727273	0.6288459287633671	0.8524332836775393
399.0	0.5522727272727272	0.6665044168641053	0.44771593079120703
1271.0	0.6022727272727273	0.7479728384120664	0.6516587799013881
1206.0	0.6022727272727273	0.6899477425504114	0.8103569538975514
300.0	0.6022727272727273	0.6693260722976389	0.4980594216131606
294.0	0.6022727272727273	0.7439943473766955	0.7097739532191939
377.0	0.6022727272727273	0.664437869209505	0.3889269036168338
730.0	0.6022727272727273	0.6643951580180325	0.6208521653074983
747.0	0.6022727272727273	0.5499401482353211	0.4959987485895183
1091.0	0.5522727272727272	0.6998608603718725	0.6531221556949042
1105.0	0.6022727272727273	0.7622826864610788	0.4921244822557484
179.0	0.5522727272727272	0.6656382390638759	0.7376509126660958
1172.0	0.6022727272727273	0.69660917517584	0.7883448709311759
1008.0	0.6022727272727273	0.6388234416319123	0.6910954418731523
197.0	0.5522727272727272	0.6325120934734108	0.5301484213705395
887.0	0.6022727272727273	0.6234855447902248	0.618815654030255
549.0	0.6022727272727273	0.7519174139363608	0.5581328131532284
913.0	0.6022727272727273	0.7721280089091573	0.8627673319864488
964.0	0.6022727272727273	0.6631914895265261	1.016231461284852
444.0	0.568939393939394	0.7090370582715996	0.8849743006582503
433.0	0.6022727272727273	0.735459826437984	0.5536563323884679
869.0	0.6022727272727273	0.6503703149921376	0.5838412583630572
534.0	0.6022727272727273	0.7197264819871104	0.7430042103405681
543.0	0.6022727272727273	0.7055957921556871	0.7986546024005642
919.0	0.568939393939394	0.5900272687171499	0.9312960068007816
439.0	0.6022727272727273	0.6898383357965566	0.7262985148720658
863.0	0.6022727272727273	0.6679126211205481	0.7018635494803396
814.0	0.6022727272727273	0.7263349625794459	0.7670171998826787
980.0	0.6022727272727273	0.7093184059899865	0.7489406710391662
104.0	0.6022727272727273	0.6804823235627657	0.5206469196337536
1178.0	0.6022727272727273	0.6781192863089434	0.5519719563812578
173.0	0.568939393939394	0.6847665884368773	0.8725163926855216
1075.0	0.5522727272727272	0.7114841358004157	0.7075611396745667
1002.0	0.5522727272727272	0.6745500967091881	0.75325270379373
1196.0	0.6422727272727273	0.6820588287118655	0.5425050661168195
1078.0	0.6022727272727273	0.6579997419111037	0.7433693320309848
190.0	0.6022727272727273	0.6486016465435464	0.7967899473703803
1175.0	0.568939393939394	0.6829096161151699	0.7246975765313183
109.0	0.6022727272727273	0.6329223188097802	0.7275848717280412
1102.0	0.6022727272727273	0.7087632830179956	0.8822523690977723
1096.0	0.6022727272727273	0.6693513392484909	0.9097714619316981
434.0	0.6022727272727273	0.6392390390530414	0.432446200519734
443.0	0.6022727272727273	0.656502548038689	0.6497221018088489
819.0	0.6022727272727273	0.6701969147193121	0.7818641991802056
539.0	0.6022727272727273	0.5956472769921414	0.8928313078033429
963.0	0.6022727272727273	0.7370467419590774	0.49496799777003103
914.0	0.6022727272727273	0.6551831474647687	0.6016670212104058
880.0	0.6022727272727273	0.6535970684210927	0.6525328096444841
449.0	0.6022727272727273	0.7368481962020451	0.5900503542654574
987.0	0.6022727272727273	0.6812380415187429	0.843094887557207
813.0	0.6022727272727273	0.729356899402894	0.8711912024089362
864.0	0.5522727272727272	0.7220999979367096	0.8740198482572997
544.0	0.568939393939394	0.6931983432733179	0.9745950439961083
533.0	0.6022727272727273	0.6061183324533882	0.729584772554169
969.0	0.6022727272727273	0.7193791001921374	0.8771688140164466
1191.0	0.6022727272727273	0.6547721057820184	0.5909504646192876
1005.0	0.5522727272727272	0.6510712361271268	0.6971971499154124
1072.0	0.6022727272727273	0.7329204960471309	0.6379571328739764
174.0	0.6022727272727273	0.743695082468752	0.5652850817398708
1108.0	0.6022727272727273	0.7181418647382545	0.48849782788027174
103.0	0.6022727272727273	0.6801258263721167	0.5249408646914937
630.0	0.6022727272727273	0.7436300341611527	0.5426109019801348
647.0	0.6022727272727273	0.7403089649391111	0.8516958414896414
299.0	0.6022727272727273	0.6638517488337998	0.7586052934672529
1306.0	0.6022727272727273	0.7311190649870556	0.9986785264419344
1292.0	0.6022727272727273	0.7317978687570198	0.4041714915568883
200.0	0.6022727272727273	0.6214162941881001	0.7297349528135008
394.0	0.6022727272727273	0.7211428030861553	0.7781098603367328
277.0	0.6022727272727273	0.6859618875105006	0.6214475917894229
370.0	0.6022727272727273	0.7066808207080455	0.7056037672353093
1298.0	0.6022727272727273	0.6877712544395844	0.5035037112503823
293.0	0.6022727272727273	0.663568508261506	0.6355667947391361
307.0	0.5522727272727272	0.7062190736602082	0.8160297130380448
1201.0	0.6022727272727273	0.7067983268081853	0.6837928127364035
1276.0	0.6022727272727273	0.7216397537075336	0.6992308781171293
740.0	0.6022727272727273	0.7434754608152077	0.4689229375635506
737.0	0.6022727272727273	0.65435830234389	0.822369802409957
471.0	0.6022727272727273	0.6746354955796591	0.41568817174603806
406.0	0.6022727272727273	0.6817175226560842	0.737069394430827
592.0	0.6022727272727273	0.6902583799063559	0.575555610038435
926.0	0.6022727272727273	0.6678330263539202	0.6756034004277085
951.0	0.6022727272727273	0.7004516734871813	0.7558600201579435
1130.0	0.6022727272727273	0.6565825586095809	0.8886431655557476
1147.0	0.6022727272727273	0.7271042961056319	0.7176754716370279
79.0	0.5189393939393939	0.6915602401647177	0.5753402523144616
97.0	0.6022727272727273	0.7085874064165756	0.8095500834673587
1040.0	0.6022727272727273	0.6899873263770462	0.6331486473368722
1037.0	0.6022727272727273	0.686884377271289	0.5335681239701523
131.0	0.6022727272727273	0.704538470598755	0.4555392275186554
146.0	0.6422727272727273	0.6992888762093462	0.5027893174693047
598.0	0.6022727272727273	0.7413684172704303	0.6221928587207629
856.0	0.6022727272727273	0.7662059609638182	0.7297803707066288
821.0	0.5522727272727272	0.7012913981973596	0.922009737175969
495.0	0.6022727272727273	0.6613928182872815	0.8221177082676009
501.0	0.6022727272727273	0.643671868954649	0.7426183342988352
576.0	0.6022727272727273	0.6622651047599318	0.4011273584933847
1334.0	0.6022727272727273	0.680209280112389	0.7432920735790997
348.0	0.6022727272727273	0.7077210588335957	0.9370998893242178
1343.0	0.6022727272727273	0.7122762510324565	0.8264952431486472
1239.0	0.6022727272727273	0.6590732363805645	0.8500609752721427
245.0	0.6022727272727273	0.698950103394468	0.747481457540097
232.0	0.6022727272727273	0.6465970936382948	0.6203819811261141
778.0	0.568939393939394	0.6663319010217382	0.9793322668432793
675.0	0.6022727272727273	0.6670696918059474	0.5156060007478269
602.0	0.6022727272727273	0.7279862742569734	0.4227781691372809
796.0	0.6022727272727273	0.6576681655413044	0.394409617848033
691.0	0.6022727272727273	0.7350645514429435	0.5589204278405937
705.0	0.6022727272727273	0.5394029074194021	0.5896833812444061
772.0	0.6022727272727273	0.7107956510511906	0.7270409335804848
608.0	0.6022727272727273	0.661143606742918	0.8170287909086126
335.0	0.6022727272727273	0.7153280414409654	0.8722166584970169
342.0	0.6022727272727273	0.6585162227988401	0.8520824197848406
238.0	0.6022727272727273	0.6084041629137553	0.7108482710506263
1244.0	0.568939393939394	0.7142521333954988	0.5654003524060579
1233.0	0.5522727272727272	0.7331484378814338	0.407547792893118
167.0	0.6022727272727273	0.6834556145788979	1.0272915429937508
110.0	0.6022727272727273	0.6921093469305698	0.49567861091736753
1182.0	0.6022727272727273	0.7214351922360858	0.7390474281002734
1016.0	0.5522727272727272	0.7180895271521627	0.5860761605657655
1061.0	0.6022727272727273	0.6743152763989546	0.5793476118181146
189.0	0.6022727272727273	0.7024923581538328	0.7943283029659588
557.0	0.6022727272727273	0.6202881335032585	0.7021054360115938
899.0	0.6022727272727273	0.7202773108361662	1.006485043243968
520.0	0.6022727272727273	0.7679528380491096	0.7769437626313738
994.0	0.6022727272727273	0.6804983593404245	0.7675570957587291
800.0	0.5522727272727272	0.6913207367879296	0.7746804478406161
877.0	0.6022727272727273	0.721922480432729	0.5035900726011348
970.0	0.6022727272727273	0.614146878830713	0.7103907280559634
907.0	0.6022727272727273	0.6348882645943231	0.6980951948192822
893.0	0.6022727272727273	0.679039598998521	0.8281791849626939
427.0	0.6022727272727273	0.7435665499390384	0.7157013898111221
450.0	0.5522727272727272	0.6373578485501659	0.8070692366903176
1166.0	0.6022727272727273	0.648702033063663	0.5622629926471789
1111.0	0.6022727272727273	0.7071565198131561	0.5899812299259624
1085.0	0.6022727272727273	0.670163403972935	0.5095883513357018
183.0	0.6022727272727273	0.7484669639867503	0.6850890144693872
1188.0	0.6022727272727273	0.6557530091850211	0.5630457428720966
629.0	0.568939393939394	0.6012813339069633	0.5510022293882593
753.0	0.6022727272727273	0.7579900584123282	0.6770822349387893
724.0	0.6022727272727273	0.7434382159878054	0.4224581567728003
1212.0	0.6022727272727273	0.6074785859316211	0.546113929941682
1265.0	0.6022727272727273	0.6883346553905639	0.8314019564676355
219.0	0.6022727272727273	0.6593675617157875	0.8500057717163483
363.0	0.6022727272727273	0.7859218200448411	0.7550957188760374
280.0	0.6022727272727273	0.6383675536662784	0.4428480654576517
314.0	0.6022727272727273	0.7172220054092888	0.555255584357036
213.0	0.6022727272727273	0.6965270708961594	0.771230345755537
387.0	0.6022727272727273	0.7312192416468581	0.8551979885007941
264.0	0.6022727272727273	0.7179935836517026	0.7764233803846118
1218.0	0.6022727272727273	0.6436547404083964	0.7032654962824828
369.0	0.6022727272727273	0.7034888667382347	0.764861499675711
1315.0	0.6022727272727273	0.7157572338436811	0.6432051541674463
1281.0	0.6022727272727273	0.6700153299714726	0.6391661014078084
623.0	0.6022727272727273	0.7193398331217692	0.6452455635199131
654.0	0.6022727272727273	0.7331455112935217	0.8117896458403657
759.0	0.6522727272727272	0.7259521047253116	0.7747620243615989
486.0	0.568939393939394	0.7263620497503178	0.7269205316640401
948.0	0.6022727272727273	0.7567276837212475	0.7478805933199677
512.0	0.6022727272727273	0.6601505338463509	0.5631245620265047
565.0	0.6022727272727273	0.7745404687363934	0.4981439766469304
845.0	0.6022727272727273	0.7259151609442788	0.59964730373621
832.0	0.568939393939394	0.6849623256378486	0.5097654582637782
468.0	0.6022727272727273	0.6829408090956068	0.3250700668739348
84.0	0.6022727272727273	0.7529343675529118	0.7975080121289233
122.0	0.6022727272727273	0.7304940779802027	0.963385530459719
1129.0	0.6022727272727273	0.6687315613442847	0.7939102682163292
155.0	0.6022727272727273	0.6783919013435096	0.7974062566377719
1053.0	0.6022727272727273	0.6597281750952821	0.7944812310954878
1024.0	0.6022727272727273	0.6072629776653959	0.8949472305981195
1123.0	0.6022727272727273	0.6751604873276382	0.803900984981855
128.0	0.6022727272727273	0.6734264129152524	0.731011290089991
1154.0	0.6022727272727273	0.723590231581025	0.4057053990834803
1059.0	0.6022727272727273	0.624587476876323	0.6222090129154408
935.0	0.6022727272727273	0.6889395278965367	0.5895042593528526
942.0	0.6022727272727273	0.6719410789288645	0.6861179719023238
518.0	0.6022727272727273	0.5838684929223708	0.6551659724833914
838.0	0.6022727272727273	0.6630630976247918	0.6798953333631647
462.0	0.568939393939394	0.6938020071430906	0.8206091061046357
415.0	0.6022727272727273	0.723361081382129	0.7946663102751884
581.0	0.6022727272727273	0.7166209645352697	0.7912785677067626
1257.0	0.6022727272727273	0.7232478133087524	0.5665346312752051
1220.0	0.6022727272727273	0.686383978207056	0.7173703968784128
326.0	0.568939393939394	0.7006325432943636	0.7964278258476993
351.0	0.6022727272727273	0.7065063505191961	0.6430265436076472
682.0	0.6022727272727273	0.7402249826087205	0.6627427941395964
716.0	0.6022727272727273	0.6919959644785115	0.6113408319569437
761.0	0.568939393939394	0.7277499853766394	0.7802978816708028
666.0	0.6022727272727273	0.686109441317031	0.7809464971986672
611.0	0.6022727272727273	0.6652395575438999	0.5416235342057069
785.0	0.568939393939394	0.647671919976769	0.719281699157301
688.0	0.6022727272727273	0.6866766379540272	0.7397921252330574
256.0	0.6022727272727273	0.712124024206628	0.6375549422670984
221.0	0.6022727272727273	0.6273468936588471	0.7539255170480024
466.0	0.6022727272727273	0.6942038850512227	1.0560304674978584
585.0	0.568939393939394	0.6908459689703099	0.7175944126604499
411.0	0.5522727272727272	0.6553101280538188	0.7734236842575758
931.0	0.6022727272727273	0.710198755636985	0.5058601151362306
488.0	0.6022727272727273	0.656720672466057	0.7542002624845933
946.0	0.6022727272727273	0.671333034367644	0.6143835992926551
1127.0	0.5022727272727272	0.7060968398678501	0.7261977043374176
1150.0	0.6022727272727273	0.7416345082454913	0.4189818563437401
1057.0	0.6022727272727273	0.6543558603986506	0.679307242603499
1020.0	0.6022727272727273	0.7685345784418521	0.5782271655603971
126.0	0.6022727272727273	0.6053086052053882	0.6208693392016442
151.0	0.6022727272727273	0.6679338054636157	0.6755900852161986
80.0	0.6022727272727273	0.7394119984269771	0.9189462659145983
841.0	0.6022727272727273	0.6905255820231596	0.7670409850493971
836.0	0.6022727272727273	0.6595236075206766	0.7650043785866391
516.0	0.6022727272727273	0.6910713582952567	0.750433787798055
482.0	0.6022727272727273	0.660890339531218	0.6303206004553852
561.0	0.6022727272727273	0.7065317730604015	1.1128290223593855
1323.0	0.568939393939394	0.6735941835482729	0.9933908092835516
328.0	0.5522727272727272	0.7198299059218964	0.7690585462507168
252.0	0.6522727272727272	0.7451261897875782	0.8519101030325593
225.0	0.6022727272727273	0.6969581240608147	0.524490528532874
1259.0	0.6022727272727273	0.7201325177203163	0.33347434366467577
718.0	0.6022727272727273	0.7186682742025123	0.9598129363566232
662.0	0.6022727272727273	0.7416254831559691	0.534398566656117
781.0	0.6022727272727273	0.6909126892855287	0.6331807624855282
615.0	0.6022727272727273	0.6962552521204018	0.6272676628633842
712.0	0.568939393939394	0.7359974083674153	0.6117053010219952
686.0	0.568939393939394	0.7135845419879205	0.6042806322993106
765.0	0.6022727272727273	0.6997793980371922	0.5790838669371845
668.0	0.6022727272727273	0.6831156750751793	0.7548998523864964
322.0	0.6022727272727273	0.6319344008881611	0.5750009391930835
355.0	0.6022727272727273	0.7492503333332791	0.9158524984422841
1253.0	0.6022727272727273	0.6374340452169283	0.6861017034967186
1224.0	0.6022727272727273	0.7113439260846968	0.551130252653881
258.0	0.6022727272727273	0.6044234403707229	0.6685938416326848
187.0	0.6022727272727273	0.6486646269242522	0.626983614818249
1018.0	0.6022727272727273	0.5879257127937048	0.5166638826940682
1162.0	0.568939393939394	0.7362071227441478	0.8143204693815531
1081.0	0.6022727272727273	0.6777552732348348	0.9202827120369866
169.0	0.5189393939393939	0.6254675890165787	0.6875059154782315
1115.0	0.568939393939394	0.6648348219722632	0.4154917816910069
423.0	0.568939393939394	0.68184429437748	0.7462575447049031
879.0	0.6022727272727273	0.6527968000184998	0.7094756998938221
454.0	0.6022727272727273	0.7194225673305018	0.5939634699893862
974.0	0.6022727272727273	0.6826829643091863	0.77768368745702
559.0	0.6022727272727273	0.6595146104947816	0.7859428417878277
897.0	0.6022727272727273	0.6861045060860486	0.6291612599667066
903.0	0.6022727272727273	0.7180665753393196	0.5108610773288339
804.0	0.6022727272727273	0.5867924693691523	0.7665478204511449
990.0	0.568939393939394	0.6977634920357673	0.46442347424950126
429.0	0.6022727272727273	0.7659265674394454	0.8460664025424708
873.0	0.6022727272727273	0.6104335568306797	0.7194321944571681
553.0	0.6022727272727273	0.639404537822144	0.6386656231376031
909.0	0.568939393939394	0.7351214166635149	0.5654755406258472
524.0	0.6022727272727273	0.6520082545031953	0.6314259437653091
1012.0	0.6022727272727273	0.6362857894422419	0.5859656206623981
1186.0	0.5522727272727272	0.7080629207075989	0.7269875318254907
1065.0	0.6022727272727273	0.6679521285461496	0.9082637791012024
163.0	0.6022727272727273	0.6472290029459365	0.8259385220961886
1168.0	0.6022727272727273	0.6565012802198666	0.6475333598374645
114.0	0.6022727272727273	0.6359417397114763	0.7610370830057479
627.0	0.568939393939394	0.6956001166696215	0.8284133331126833
650.0	0.6022727272727273	0.6620529428943012	0.8833278444942864
1285.0	0.5522727272727272	0.635758535249805	0.5070659304547841
1311.0	0.568939393939394	0.6815117987311303	0.5786259677885545
383.0	0.6022727272727273	0.7095514732204699	0.6942777812264054
217.0	0.6022727272727273	0.7112959095704616	0.7736932740575685
260.0	0.6022727272727273	0.6667669664217541	0.5286770716002223
367.0	0.6022727272727273	0.750705351461245	0.8377741252755833
310.0	0.6022727272727273	0.7059324725609782	0.680738214401598
284.0	0.5522727272727272	0.6967677983907853	0.6010881070561586
1216.0	0.6022727272727273	0.6548692000753075	0.712889155272564
389.0	0.568939393939394	0.6870275759517377	0.47178165061074906
1261.0	0.5522727272727272	0.7321118553944438	0.4845812042238047
757.0	0.5522727272727272	0.7048513558844957	0.6468453716463416
720.0	0.5522727272727272	0.7211006892071719	0.601722113881901
505.0	0.6022727272727273	0.7383994063223652	0.7013551696455822
491.0	0.6022727272727273	0.6527682161734738	0.5999993799945161
928.0	0.6022727272727273	0.6442844721800977	0.8405896310343469
572.0	0.6022727272727273	0.6504532864154907	0.6743372835156697
852.0	0.6022727272727273	0.7385485460088553	0.9452112570375386
408.0	0.6022727272727273	0.7568400250486061	0.8294143308916857
825.0	0.6022727272727273	0.5962609515518559	0.875876663321895
135.0	0.6022727272727273	0.6140054166406577	0.5128775867870043
1149.0	0.6022727272727273	0.7123307168321519	0.7071528357554694
142.0	0.6022727272727273	0.689741837680374	0.7879515985270773
1044.0	0.5522727272727272	0.7219315761563148	0.7497657836265894
1033.0	0.6022727272727273	0.6706277544494152	0.6734404712443619
93.0	0.6022727272727273	0.6440921779909313	0.45408670016916836
1134.0	0.6022727272727273	0.729348560213728	0.533547637875289
148.0	0.6022727272727273	0.6745833468681883	0.5871486023756748
1143.0	0.6022727272727273	0.7040836162557252	0.768620140407645
1039.0	0.6022727272727273	0.655586937883097	0.6936804368450494
99.0	0.6022727272727273	0.730634181059445	0.6435034616925539
77.0	0.6022727272727273	0.6895900386771986	0.6916296917666805
922.0	0.6022727272727273	0.6847869968669293	0.7656129380724483
578.0	0.568939393939394	0.6743833560629786	0.7853049983235239
955.0	0.6022727272727273	0.7153516429189859	0.8642913989877907
475.0	0.6022727272727273	0.637782082891376	0.4039761144199162
596.0	0.6022727272727273	0.6984076390611884	0.922247961109967
858.0	0.6022727272727273	0.7393153109899433	0.8027383452409249
402.0	0.6022727272727273	0.7326215624082844	0.8114332530621987
1240.0	0.6022727272727273	0.6907434104976645	0.6908013467680508
1237.0	0.568939393939394	0.715280745367511	0.5851430637703378
331.0	0.6022727272727273	0.702099393915359	0.7258610374703389
346.0	0.5522727272727272	0.7237850535234688	0.8389260725016933
798.0	0.5189393939393939	0.7169672474422077	0.7471481052758101
701.0	0.6022727272727273	0.713032011018432	0.616630702338306
695.0	0.568939393939394	0.6194440275135848	0.8589350518556848
776.0	0.6022727272727273	0.6718872070092888	0.8737107584806729
671.0	0.6022727272727273	0.7605205892706666	0.7242373666985076
792.0	0.5189393939393939	0.6616184026401937	0.49320497003783614
606.0	0.6022727272727273	0.7322848386626628	0.7265096498049721
241.0	0.6022727272727273	0.7214055980422396	0.4525705409210852
236.0	0.6022727272727273	0.7294708563262877	0.4335633175803031
1330.0	0.6022727272727273	0.7168758361323627	0.721587017660045
1347.0	0.6022727272727273	0.624294463825304	0.6704741440092252
1098.0	0.5522727272727272	0.615550853679784	0.5712622330426991
170.0	0.6022727272727273	0.7446141797391675	0.5565968224387187
107.0	0.6022727272727273	0.721000153065055	0.4587265724320039
1001.0	0.6022727272727273	0.7684366509928726	0.4776706283943587
1195.0	0.6022727272727273	0.7107277549685004	0.7380398503996188
1076.0	0.6022727272727273	0.6534278067928214	0.48946469142246474
540.0	0.6022727272727273	0.6304735933965446	0.5449391010574343
537.0	0.6022727272727273	0.6740287449738904	0.7396901313367245
817.0	0.6022727272727273	0.6759780416748802	0.4472974280388627
983.0	0.6022727272727273	0.7095311305857912	0.6741123741739748
860.0	0.6022727272727273	0.6943919603133075	0.9248887121375363
967.0	0.6022727272727273	0.7475838889150113	0.6802153367515607
884.0	0.6022727272727273	0.601836054027036	0.9611958578209898
910.0	0.6022727272727273	0.6571734338195515	0.665210902102073
430.0	0.6022727272727273	0.6526925852875242	0.7264452485864561
447.0	0.6022727272727273	0.7319312512065156	0.6022874255250128
989.0	0.6022727272727273	0.6668334464063267	0.43981104380590985
1171.0	0.5522727272727272	0.7076159705342494	0.7132379614751702
1092.0	0.6022727272727273	0.7146165295294742	0.6603981419683552
1106.0	0.6022727272727273	0.6842902810049338	0.43735710006947187
194.0	0.568939393939394	0.6594754531817432	0.6264516497596361
649.0	0.6022727272727273	0.6844597224141934	0.8215424411321253
744.0	0.568939393939394	0.7639216956302699	0.43916617593004437
733.0	0.6022727272727273	0.7002584487908814	0.7746396274482313
279.0	0.6022727272727273	0.6653694775567699	0.8202077086566678
1205.0	0.6022727272727273	0.6351685331921173	0.7687136160425116
1272.0	0.6022727272727273	0.6611565881829329	0.6025004380986443
374.0	0.6022727272727273	0.7364473615795138	0.6996576925027926
1308.0	0.6022727272727273	0.7007251011504635	0.45425874454873916
303.0	0.6022727272727273	0.7082103202117611	0.4453799113617802
297.0	0.6022727272727273	0.7117058420680206	0.6526124118831759
390.0	0.6022727272727273	0.6944708714986613	0.5546258616890576
1278.0	0.6022727272727273	0.6113214547279814	0.5493632519810334
204.0	0.6022727272727273	0.7540671694992771	0.88746013504004
273.0	0.6022727272727273	0.6431244400544499	0.7291028581302119
309.0	0.6022727272727273	0.6847078683989507	0.46549806240542
1296.0	0.6422727272727273	0.7146297162547092	0.7329777779707397
1302.0	0.6022727272727273	0.7520928241794422	0.8386916293266261
634.0	0.568939393939394	0.730179943562053	0.39471903598443586
643.0	0.6022727272727273	0.7295030192825226	0.6951855291409424
739.0	0.5189393939393939	0.7686252564745986	0.6402633931001526
734.0	0.6022727272727273	0.5601011999720572	0.6550775134411307
743.0	0.6022727272727273	0.7254717712235755	0.49924003998515687
639.0	0.6022727272727273	0.7201146059344609	0.7208606454684277
290.0	0.5522727272727272	0.7271856310539229	0.5511616068593942
304.0	0.5522727272727272	0.6667544578860611	0.49212812699496505
373.0	0.6022727272727273	0.6421094341974762	0.7146331362834464
209.0	0.6022727272727273	0.6830864105360048	0.7326025746937748
1275.0	0.6022727272727273	0.7072135846849427	0.7541965579193516
1202.0	0.6022727272727273	0.6456308258777833	0.7223791621818723
1305.0	0.6022727272727273	0.6358007103305849	0.7330361582141425
379.0	0.6022727272727273	0.6077936705886381	0.7324425997407998
1291.0	0.568939393939394	0.6638837977292249	0.6577760774358969
1208.0	0.568939393939394	0.6773685812418285	0.5221413494636088
274.0	0.5522727272727272	0.603297760224105	0.6288817179407616
203.0	0.6022727272727273	0.6896557105636263	0.6301648690961046
397.0	0.5189393939393939	0.7226862159377905	0.9372629284313301
749.0	0.568939393939394	0.7447786516019912	0.634825236052922
644.0	0.6022727272727273	0.7111240755306504	0.8102063030337326
633.0	0.6022727272727273	0.621669238028699	0.6390898126940334
1071.0	0.5522727272727272	0.7169535591021935	0.6424008032437886
199.0	0.5522727272727272	0.6714900982233262	0.6235313719512504
1192.0	0.568939393939394	0.6306716692770975	0.7107155243257759
1006.0	0.6022727272727273	0.6836945157534101	0.66777971454683
100.0	0.6022727272727273	0.6876403813264614	0.6895234962182882
177.0	0.6022727272727273	0.696329867726325	0.514454554592549
867.0	0.5522727272727272	0.6406829334424501	0.587334173571641
984.0	0.6022727272727273	0.7505682972750429	0.7773819390226101
810.0	0.6022727272727273	0.6655277596377855	0.3408809373417929
530.0	0.6022727272727273	0.7236000654887489	0.45237352069919756
889.0	0.5522727272727272	0.6556263158964583	0.7755314486185259
547.0	0.6022727272727273	0.586559701572501	0.42592925154551037
440.0	0.5522727272727272	0.6913545658861463	0.666766676885588
437.0	0.6022727272727273	0.615022854931401	0.6195617031714884
917.0	0.6022727272727273	0.7165326073838117	0.5092730522178156
883.0	0.568939393939394	0.709759463743514	0.6811360129931829
960.0	0.6022727272727273	0.7151197354211467	0.5817010458382156
1198.0	0.6022727272727273	0.7009736118813932	0.7751021058869535
193.0	0.6422727272727272	0.6613364259404797	0.7020698581655149
1101.0	0.6022727272727273	0.6764407615246325	0.48394116377474555
1095.0	0.568939393939394	0.7388779009884527	0.269528472839632
1176.0	0.6022727272727273	0.70680574708434	0.528760189991134
341.0	0.6022727272727273	0.6681912727554338	0.8018810634862673
336.0	0.568939393939394	0.6457333850342517	0.8760461803399425
1230.0	0.6022727272727273	0.6585709307382257	1.0040740811114517
1247.0	0.6022727272727273	0.6051897548732427	0.5530369438262541
771.0	0.6022727272727273	0.7065764667540737	0.3548729482918292
692.0	0.6022727272727273	0.6752796985913632	0.7494049594194185
706.0	0.6022727272727273	0.6697945461619378	0.7763948911771964
698.0	0.6022727272727273	0.7050230971405834	0.4972284478597108
601.0	0.6022727272727273	0.757730377156078	0.8864629606895936
795.0	0.568939393939394	0.7222233575632201	0.7265478482629679
676.0	0.6022727272727273	0.6596962781649951	0.8098097614875158
1340.0	0.6022727272727273	0.7467387927741679	0.513507168173975
1337.0	0.6022727272727273	0.7692895861255958	0.734588823108133
231.0	0.6022727272727273	0.690914776639271	1.0373985419062766
246.0	0.6022727272727273	0.6630798273949877	0.652850918160336
822.0	0.568939393939394	0.664738491132052	0.8021318158764966
478.0	0.6022727272727273	0.6659627877574322	0.6737155275905036
855.0	0.568939393939394	0.7295495212311542	0.8816904622485559
575.0	0.6022727272727273	0.6970633954871214	0.7289809273205002
958.0	0.568939393939394	0.6745389041970166	0.5912178480187452
496.0	0.6022727272727273	0.7308293967585884	0.5320995423203321
502.0	0.5022727272727272	0.5944718578626589	0.4772325188143746
1034.0	0.6022727272727273	0.6724012921235695	0.6934569032784905
1043.0	0.6022727272727273	0.708478697987751	0.5124949347165255
145.0	0.6022727272727273	0.6526249162216348	0.7752372469146452
1139.0	0.5522727272727272	0.7221072051608916	0.8494540941119644
132.0	0.6022727272727273	0.6203280044404851	0.7519889823220531
94.0	0.568939393939394	0.7011867324643029	0.9936784034482241
1049.0	0.568939393939394	0.5691377436590286	0.8822370771427703
1144.0	0.568939393939394	0.6499998934626703	0.5285035010106295
138.0	0.6022727272727273	0.6383001364000788	0.885958385556504
1133.0	0.6022727272727273	0.6584149463479136	0.5783097578424187
405.0	0.5522727272727272	0.6154141914563698	0.7879636354034181
591.0	0.6022727272727273	0.6726892357494382	0.8205996337203961
828.0	0.6022727272727273	0.6762336639424592	0.579582817296283
472.0	0.6022727272727273	0.744940706995956	0.6465714981383611
952.0	0.6022727272727273	0.6828708764047469	0.8080985335039944
508.0	0.6022727272727273	0.7029309095539464	0.6796656088335089
925.0	0.5522727272727272	0.6278977313929579	0.7609033581562621
657.0	0.6022727272727273	0.6765736747932007	0.6680961685104734
620.0	0.5522727272727272	0.6596799713847009	0.6895089802001159
267.0	0.6022727272727273	0.6829650529194042	0.3545625133447138
210.0	0.568939393939394	0.6465805954120484	0.40484537430303624
384.0	0.6022727272727273	0.7203312759968377	0.7560148306967195
1316.0	0.6022727272727273	0.655733666558789	0.551048691573735
1282.0	0.6022727272727273	0.6485229042793321	0.7758617561121273
289.0	0.6022727272727273	0.728897125311824	0.906491293536169
1266.0	0.5522727272727272	0.6048142442348372	0.5319735467026591
1211.0	0.6022727272727273	0.7343354014847929	0.8145885299363409
283.0	0.568939393939394	0.6670511817285716	0.7353326305704979
317.0	0.6022727272727273	0.7264084615821815	0.578597737652793
360.0	0.6022727272727273	0.6368793925058717	0.6538628642977795
1288.0	0.6022727272727273	0.7096009108822835	0.6818338947739493
727.0	0.6022727272727273	0.6809211833769718	0.7332474423588745
750.0	0.5522727272727272	0.7008836972658014	0.8158722333332835
1112.0	0.6022727272727273	0.7223063382181892	0.5814490843074624
1086.0	0.6022727272727273	0.7344031789256406	0.736501735894844
119.0	0.6022727272727273	0.6818091977863231	0.7800091225623251
1165.0	0.6022727272727273	0.727265831786197	0.48431884910210987
1068.0	0.6022727272727273	0.6786552569690237	0.8978866539627259
180.0	0.6022727272727273	0.5851794828462792	0.8908439102311166
904.0	0.6022727272727273	0.6543119012841692	0.5745139306146656
890.0	0.6022727272727273	0.6998311011963201	0.6429696882152802
529.0	0.6022727272727273	0.6825151738432507	0.868740115737108
973.0	0.568939393939394	0.7507754124100247	0.8109617043889625
453.0	0.5522727272727272	0.655158549825484	0.8856523351636011
809.0	0.6022727272727273	0.7177978186087939	0.682985862936176
424.0	0.6022727272727273	0.6476296022324228	0.5796372891338258
523.0	0.6022727272727273	0.6888812516859798	0.6133678325059604
979.0	0.568939393939394	0.6920396492217934	0.6802690282333137
554.0	0.6022727272727273	0.6384367863499545	0.6232969374554087
874.0	0.6022727272727273	0.5849850999921263	0.6398483107244257
997.0	0.6022727272727273	0.7036684216485534	0.7607409508124351
459.0	0.5522727272727272	0.6418174517767371	0.4101773065008808
803.0	0.6022727272727273	0.7011560438581768	0.9285579927995873
113.0	0.6022727272727273	0.7106351831882884	0.6278460654246105
1118.0	0.6022727272727273	0.710803452721134	0.543072544326068
164.0	0.568939393939394	0.6520855223672489	0.5449187046485475
1062.0	0.6022727272727273	0.6863319630651985	0.599169626278289
1181.0	0.6022727272727273	0.7252336123404823	0.7679605895258943
1015.0	0.568939393939394	0.5958286181551634	0.8262431478060737
222.0	0.6022727272727273	0.6396805159328844	0.774070883784013
255.0	0.5522727272727272	0.6345001162675623	0.6077681248104491
1229.0	0.6022727272727273	0.6796877197750385	0.7226052995421944
358.0	0.6022727272727273	0.7569845389793907	0.8272083329679965
1324.0	0.6022727272727273	0.6682260051999181	0.5298137672346638
612.0	0.6022727272727273	0.7075728782270547	0.7723423559345433
786.0	0.6022727272727273	0.7003586274319319	0.3838823486222914
665.0	0.6022727272727273	0.754763881502939	0.6493575815728431
768.0	0.6022727272727273	0.6352968859196038	0.6880477466377368
618.0	0.6022727272727273	0.7462474652047845	0.3782954313241741
762.0	0.6022727272727273	0.6299696217669634	0.6552343762230504
681.0	0.6022727272727273	0.7323949949082389	0.5086161500038398
715.0	0.6022727272727273	0.6814056477068184	0.8361401596726599
1223.0	0.6022727272727273	0.6591535516672313	0.6065049547057579
1254.0	0.6022727272727273	0.589787590251767	0.9409949030498123
228.0	0.6022727272727273	0.6879427726289271	0.8342114347863376
352.0	0.6022727272727273	0.6415499850167231	0.7009358022716016
325.0	0.6022727272727273	0.7261566438118914	0.7328250565754669
941.0	0.568939393939394	0.6894214447855063	0.535137632288705
936.0	0.6022727272727273	0.7002578437167788	0.7935139389481713
416.0	0.6022727272727273	0.6989927671678665	0.9152605985792085
582.0	0.6022727272727273	0.7328366240076675	0.4279438388644575
461.0	0.6022727272727273	0.7239680788111656	0.7442397929581014
1157.0	0.6022727272727273	0.6185218183142601	0.7956817861475076
1120.0	0.568939393939394	0.6987811772748459	0.6381367655280448
156.0	0.6022727272727273	0.6505987005596565	0.9455309003462864
121.0	0.568939393939394	0.6852221152991943	0.8104703109824176
1027.0	0.5522727272727272	0.6851345272559021	0.671095034764253
1050.0	0.6022727272727273	0.6815864951957463	0.7656144309620787
87.0	0.6022727272727273	0.658009302339697	0.800678793678308
566.0	0.568939393939394	0.7353446195726598	0.6980207763376611
485.0	0.568939393939394	0.7500744135671862	0.4190297151765361
511.0	0.6022727272727273	0.6034473555618473	0.8630455298480444
831.0	0.6022727272727273	0.715519115096215	0.7089498858105567
846.0	0.568939393939394	0.7030434807618248	0.5426885665962539
588.0	0.568939393939394	0.6864362813944336	0.6293059498592734
