id	best_100	chosen_value	distance
1151.0	0.1	1.1485577263830307	0.860624026696179
1126.0	0.15	1.2546727696846158	1.2053086681238219
39.0	0.1	1.128339800659441	1.1318496234536617
793.0	0.2	1.1205587385094578	1.06232397065172
607.0	0.1	1.1191793414504356	0.8009977699622435
670.0	0.1	1.0345970001882114	0.9851243609845646
1561.0	0.1	1.3618970369129968	1.176807805078399
1482.0	0.15	1.1780560012033787	0.6299628563696756
1516.0	0.05	1.2610385372378445	1.193894041008212
237.0	0.05	1.1839366951820192	1.1552351969174315
240.0	0.1	1.0594737782896602	0.9622779122735361
1488.0	0.15	1.4277279445152609	0.9861256260209521
1411.0	0.05	1.2831064057059405	0.96874373622622
1585.0	0.1	1.239150962242749	0.9861035001571828
1466.0	0.05	1.3840513976103896	0.8570377079314506
347.0	0.15	1.2550373322425856	0.6478093181339661
330.0	0.2	1.2895890335947686	1.2918459332145371
1021.0	0.15	1.002003080694359	0.7335154006343755
1056.0	0.1	1.3204306961985066	1.138215497110969
777.0	0.1	1.2652823353877147	1.0081910085274461
33.0	0.1	1.2699031927009952	1.0362765123758613
700.0	0.1	1.2552078824287798	1.1231255099221744
44.0	0.1	0.9557023556912023	0.9650205998063133
694.0	0.15	1.2117554898715637	1.0272047273735314
799.0	0.2	1.2769821905720888	1.0426509244799818
149.0	0.1	1.1314530386717583	1.1245040578402268
1668.0	0.1	1.1196744233666747	0.8992262942083247
1686.0	0.0	1.2447310100969033	1.09907656626604
597.0	0.15	1.2201333820406248	0.9607241274191731
859.0	0.1	1.2522462008650281	0.9728557681755883
403.0	0.15	1.6732514084242447	0.9310502672255518
474.0	0.1	1.225116597376279	0.9980267805797488
954.0	0.1	1.4799444010025617	0.8232557847213129
923.0	0.15	1.1512605522628765	0.7215847294600066
579.0	0.15	1.2327362613312074	1.137442563523583
1258.0	0.1	1.2287677159050068	1.0126761854375816
1355.0	0.15	1.338950694299749	0.930716019570497
1322.0	0.1	1.3452755605937439	1.0913471960164136
824.0	0.1	1.1984367376777407	0.9552881245397145
853.0	0.05	1.158188585683961	0.9766139168233569
409.0	0.1	1.669629113979202	1.2273032960978527
929.0	0.1	1.2152149703774513	0.9871488561179157
573.0	0.05	1.1584225142885356	1.056352980994728
504.0	0.05	1.3404594525067892	1.1433554187495156
490.0	0.15	1.177320566332208	0.898752483690945
1225.0	0.15	1.089740407018174	0.9883270177245594
1252.0	0.1	1.3806202896671538	1.3287843881033652
1328.0	0.15	1.0382790414031027	0.6505642994848984
143.0	0.1	1.1968009327561688	1.104025887570778
134.0	0.15	1.4930713577897583	0.7162756795360661
1615.0	0.1	1.115253341570021	0.972898029169154
1662.0	0.1	1.1860120998564083	1.0067754051823206
308.0	0.0	1.0931889077303305	1.0116602804016812
272.0	0.05	1.0339232657509752	1.0080050834247118
391.0	0.1	1.2210346306598143	0.9966761693622961
205.0	0.1	1.246728340789449	1.1054494370098482
1524.0	0.1	1.3538685373166597	1.1146777064959357
1553.0	0.15	1.1905348158511087	0.7198798029543568
1429.0	0.1	1.153021130557128	1.0830101844572722
738.0	0.1	0.996941357562205	0.7016057017613246
92.0	0.05	1.1782052328535304	1.0911808429047816
642.0	0.05	1.1657964157942868	1.007958197640136
2.0	0.1	1.0818727748055785	1.111130939994807
635.0	0.15	1.4638053393826234	1.1101469369784518
1080.0	0.15	1.242453326085243	1.0640303328694698
1114.0	0.1	1.0863811680429611	1.1102030987238474
1163.0	0.1	1.2343898655857386	1.2585205619928876
1019.0	0.1	1.147568928275713	0.9281232448383808
76.0	0.1	1.147684128729145	1.0683409102621955
732.0	0.15	1.0775958672443484	1.0839555686253224
745.0	0.05	1.0269682257560966	0.5717047697013666
8.0	0.1	1.2566075848361016	1.0694129163896036
98.0	0.1	1.1674731909348102	1.5230174818119044
648.0	0.1	1.1680969312574971	1.1434800971551882
1169.0	0.1	1.5967825064124517	1.10847090825382
1064.0	0.2	1.1789382816363678	0.7006399676515136
1013.0	0.15	1.1378096809307148	0.8743297358293094
1187.0	0.05	1.259203418697101	1.0202579933881568
302.0	0.05	1.0831329380137127	1.0073416377676465
296.0	0.1	1.1436540715855075	1.0011981476278842
375.0	0.05	1.1536236934377202	0.9914121776448565
278.0	0.15	1.1309410250380676	0.9484323625000504
1559.0	0.15	0.953895194551168	1.125766942303936
1454.0	0.15	1.3559749820490075	0.9752861937063377
1423.0	0.1	1.203944458356178	0.9475377118366153
1389.0	0.1	1.3244365805724791	0.8808233393456774
1284.0	0.05	1.39913342450632	0.872426794702345
1310.0	0.1	1.1777980504860346	0.9934561012661819
1367.0	0.1	1.162494120507135	0.8020704268979534
446.0	0.1	1.1587324916549842	0.924761192616921
988.0	0.05	1.2137728852831964	0.9269152080120084
431.0	0.1	1.1140391075405174	0.7672896238378456
885.0	0.05	1.0298694482442707	1.0494298262166841
911.0	0.15	1.2140979480041376	1.0059323567665972
966.0	0.1	1.187097362137491	0.938025011040256
195.0	0.05	1.2719810215090261	0.9895635965609778
1650.0	0.1	1.093909132287374	0.8187479156329901
1627.0	0.1	1.484803522768465	1.265259349596925
106.0	0.15	1.054570786777372	0.9069307007699684
171.0	0.15	1.3755128530971272	1.27359873855395
1260.0	0.05	1.3140832260200987	0.677508591227593
1217.0	0.15	1.264331756844646	1.106768744704745
1383.0	0.1	1.1303798499166235	0.9246376887961096
861.0	0.1	1.2185304921886622	0.7684226470907588
816.0	0.1	1.578706082731131	0.7313077079160422
982.0	0.15	1.167804201753419	0.9828489220919849
536.0	0.05	1.1191617752334015	0.9950019199341795
541.0	0.1	1.1571011551230366	0.9513534359377004
1032.0	0.15	1.4189710940178715	1.4045883915818855
1045.0	0.2	1.24115490362506	0.9022429148173039
1148.0	0.1	1.1250793998143132	0.9785368689910063
669.0	0.1	1.0810149667161708	0.9812351145609669
20.0	0.15	1.1771181734175142	1.5865545861447998
764.0	0.15	1.1937128033950073	1.023116490114453
57.0	0.1	1.118803803914791	0.7922015045317021
713.0	0.05	1.26923089415489	1.1312769325528538
687.0	0.15	1.1155186163465296	1.0318824795918422
1402.0	0.1	1.244563384417889	1.2111158873862078
1596.0	0.1	1.2125786553417464	1.0480666750231307
1475.0	0.05	1.2260808150663849	1.201172319534255
1578.0	0.2	1.1587037943661476	0.6382624840171576
259.0	0.15	1.343120703150972	1.1137284875889994
354.0	0.05	1.088211376556735	0.6716930419618995
323.0	0.1	1.2118158951244082	1.0758033844733472
1408.0	0.05	1.2801220887950922	0.9433753143063355
1572.0	0.1	1.174704356618638	0.9523829420746438
1491.0	0.05	1.2850859749148869	1.49180578772937
1505.0	0.05	1.3669353154343558	0.8215425885568601
224.0	0.15	1.3266376127545152	1.2946069375702232
253.0	0.05	1.253217975049516	0.7261916679911197
329.0	0.2	1.3591450903794897	1.1921510077254829
1038.0	0.15	1.3114540552106446	0.9034413828063474
1142.0	0.1	1.096035334833095	0.9086481617549489
1135.0	0.15	1.279302074450469	0.7531169301997441
780.0	0.2	1.229843661147359	0.9900262525795948
614.0	0.05	1.2001611816873459	1.2284329519716415
663.0	0.1	1.2662177869961007	1.0136805979730334
719.0	0.15	1.1267801188422644	1.107400086507033
150.0	0.0	1.1784885699975332	1.0612195310199515
127.0	0.2	1.2382310040841555	1.1266130803173342
1606.0	0.2	1.178315261645934	1.0097560640245702
1671.0	0.15	1.0331667814253065	1.1384615778933145
560.0	0.15	1.0679955925083278	0.7929137943433385
517.0	0.15	1.2237160766668895	0.8672062530169894
483.0	0.1	1.2398433258652248	1.0105668794506368
837.0	0.2	1.1007985569378804	0.8592666504023012
840.0	0.15	1.076779435866217	1.0635450366733648
1236.0	0.15	1.2647829217642186	0.9841915142627545
1241.0	0.05	1.1870456733455863	0.7972832657634209
489.0	0.0	1.222886591223278	1.0438330972608039
947.0	0.1	1.235248762261312	0.8305225814620542
930.0	0.05	1.1224532959121836	1.0041178363283438
584.0	0.2	1.3481757881526821	1.1307913394105213
410.0	0.05	1.0641488698842865	0.7520623196054894
467.0	0.1	1.0897077371999901	0.8046616520517437
1346.0	0.1	1.158519079808688	0.8610460812137208
1331.0	0.1	1.3540226765007073	1.4287361689720373
388.0	0.15	1.2945523722743166	0.8982684577153914
311.0	0.1	1.0958690509020932	1.134699072151681
285.0	0.1	1.1615506766664168	0.5859520785827874
366.0	0.1	1.1118691698836691	1.0652956526715802
1447.0	0.1	1.2494285103362344	1.1909619428244531
1430.0	0.05	1.3185713252659055	1.4171954439153989
721.0	0.1	1.1919727674952991	1.000931707755401
65.0	0.15	1.2999464209961062	0.9575584714768011
756.0	0.1	1.0639347606004783	1.1516925308125026
12.0	0.1	1.238420963675098	1.1995967150621356
1077.0	0.1	1.2715299631380834	1.1211410416252445
1000.0	0.15	1.1439846273335972	0.8364596168399755
1194.0	0.15	1.0648202353115916	0.935786378053159
1099.0	0.05	1.2782626289575347	1.2602867631054466
81.0	0.05	1.3459269875343256	0.7873338315412051
651.0	0.05	1.1211935558360842	0.6971244417589199
626.0	0.1	1.289391697902854	1.036343716024165
18.0	0.1	1.1244089595063744	0.9062002665488003
1093.0	0.1	1.242740270317987	0.7281214482970492
1107.0	0.05	1.0386853731872903	0.9813252962537329
1170.0	0.15	1.246421221052701	1.138334356143603
261.0	0.1	1.37865467309259	1.0071640476391905
382.0	0.15	1.2113092423710443	1.0282815725743708
216.0	0.1	1.206037616673757	1.1323723074935756
1537.0	0.2	1.3460763872425316	1.2884504229414206
1540.0	0.1	1.383812018802257	1.463925892061208
1309.0	0.1	1.427395268786721	0.7462146271356742
1273.0	0.15	1.3613360332192974	0.9168384008371959
1204.0	0.15	1.2051616535315404	0.9542224979858211
1390.0	0.1	1.3095315469331144	1.1010332178628601
525.0	0.15	1.2898768463124317	0.5954479459298468
552.0	0.05	1.0865764580625894	1.0801425377606368
908.0	0.0	1.1236592308158728	0.8146877155371255
428.0	0.1	1.1494854550165852	1.151701461370303
872.0	0.15	1.279893168461864	1.1577121318814785
805.0	0.1	1.0792595263170779	0.9323111980449157
991.0	0.1	0.9418526682578293	0.9867257069558296
1643.0	0.05	1.0819404597084568	1.0777650047533303
1634.0	0.2	1.3988020596269564	1.0217926134898865
115.0	0.05	1.3273539823135503	1.1293185718608965
162.0	0.05	1.1219077575426148	0.9785954772342631
1649.0	0.15	1.1137516935891156	1.1850815510739956
168.0	0.15	1.1186020343496836	0.8194112983755691
186.0	0.1	1.679468367130458	1.086112990631184
1297.0	0.1	1.207135881460197	1.1218459849440863
1303.0	0.05	1.6172634658580227	1.5400082994313062
1374.0	0.15	1.353417055150685	0.9217988342492436
1279.0	0.15	1.3542364335911383	0.7896879873512951
558.0	0.1	1.1299367030400298	0.9767777618372068
896.0	0.1	1.2463841191393508	0.9217871212659474
902.0	0.2	1.3189428863368418	0.7956474092157604
975.0	0.1	1.2904741356891847	0.871108784924306
455.0	0.1	1.0918984382194301	1.0412105585947435
422.0	0.05	1.5581806697232414	1.1770224486933334
878.0	0.2	1.3134685407730793	1.0352854443786887
1397.0	0.1	1.1887779962024716	0.8077912926730962
1203.0	0.15	1.1419565469677793	1.2855927665037787
1274.0	0.0	1.1970403815080441	0.8002124671655719
1379.0	0.05	1.1014638463910538	1.0906070908731713
996.0	0.05	1.0400375837153446	0.7734277544884589
458.0	0.15	1.0240271425880192	0.6939498349597372
802.0	0.05	1.277649820355488	1.3030573400353653
875.0	0.2	1.1603087059813268	1.1356312635557932
555.0	0.05	1.0038648510515915	0.8984340423226448
522.0	0.1	1.2379516608039245	1.0362299855380674
978.0	0.1	1.2130054554670202	1.2690547397807035
1633.0	0.1	1.104098462277903	1.0745228429721356
1644.0	0.1	1.3275443194696257	0.8458673974304852
165.0	0.15	1.237870057771774	0.9427107944687266
112.0	0.05	1.347339560380289	0.8717632728013232
1639.0	0.1	1.0562696878349165	1.0860333904531114
181.0	0.1	1.2156416073421374	0.9524135865995853
118.0	0.2	1.3853995208578538	1.2870979914725271
1209.0	0.1	1.0130590996791269	1.069616168567665
1373.0	0.15	1.0715962554628602	0.8831176779911336
1304.0	0.1	1.2023210974059497	0.9442494927815143
1290.0	0.1	1.490353795955976	1.7432466531413546
425.0	0.2	1.2979521754120067	1.175650856820437
452.0	0.15	1.0736027579283816	0.6670402894104683
808.0	0.1	1.4128775533586762	1.0058555063903367
528.0	0.05	1.1544750159226478	1.057206205172354
972.0	0.1	1.03081546297025	1.109033778460647
905.0	0.15	1.133648839664031	1.1098193713200448
891.0	0.1	1.4277494666141977	1.274370634609535
361.0	0.1	1.1022978728685644	1.0788891864733132
282.0	0.05	1.3340488601063165	0.9877558077423144
316.0	0.05	1.2456549250835607	1.233414667063347
1437.0	0.1	1.2685508940900818	0.9336041761282017
1440.0	0.15	1.2689171615751147	0.7516772871130261
15.0	0.2	1.2133999474905492	1.1491206794196236
751.0	0.1	1.3359593381963908	1.0642063263022208
62.0	0.1	1.1123956795216858	0.9739766187273297
726.0	0.15	1.343304567655756	1.173637251564342
1193.0	0.15	1.350719867209802	1.3534249806990435
1007.0	0.1	1.1771709802185892	0.9244695788060513
1070.0	0.1	1.127321136857284	1.2488168758743525
68.0	0.0	1.3187519788822821	1.2671785315799098
621.0	0.15	1.1964037234258795	1.054512155949601
656.0	0.05	1.3920777725383016	0.9581753354702991
86.0	0.1	1.341436805138071	0.8603197092420606
1177.0	0.05	1.279060350802673	0.6686944070546975
1100.0	0.15	1.2142192425562939	0.927811954311121
1094.0	0.1	1.5008844134348502	1.4383549645005775
1199.0	0.15	1.1941692134271846	0.9426245446017569
288.0	0.15	1.194151089536062	1.1802034442881841
211.0	0.1	1.1057006393535862	1.0060096149069977
385.0	0.05	1.2483894249821184	0.8866440081287652
266.0	0.1	0.9661706005755425	0.9068558812820223
1547.0	0.2	1.1935446853064589	1.0430485782426384
1530.0	0.15	1.192298713946358	0.8237964073489117
120.0	0.1	1.3277047433306575	0.8983504078837141
157.0	0.1	1.1980855127531933	0.7606423181422433
1676.0	0.1	1.2869587865529575	1.087973499896438
1601.0	0.05	1.3809635385730652	0.8801223821720123
847.0	0.1	1.196930845638635	1.211072439233397
589.0	0.15	1.1763335289481842	0.9516146256957897
830.0	0.05	1.2001559032159885	1.0506652261737996
484.0	0.05	1.378057470554045	1.0904034195067125
510.0	0.05	1.1537744328157524	0.7588968779987922
567.0	0.2	1.2715586332542617	0.8725516366936857
1246.0	0.15	0.9777922052172422	0.7270426688345473
1231.0	0.2	1.39383983410759	1.261977105018987
460.0	0.15	1.3680147923055381	1.2666956670453688
417.0	0.15	1.2310223541893397	0.9476508471476223
583.0	0.2	1.162520042358904	1.1706449210133802
937.0	0.15	1.1047824732596618	0.9790440158498984
940.0	0.1	1.328577533053474	0.9719282055480931
1336.0	0.1	1.1997857117549584	1.0744584339138736
1341.0	0.1	1.3604925526993976	1.2548734971156368
1138.0	0.1	0.9693252604242902	1.0401110673083385
1042.0	0.1	1.082964032259276	0.7343959986354389
1035.0	0.1	1.2520454845021984	0.9922757459706184
680.0	0.15	1.2083526710799024	1.1297593818979768
714.0	0.15	1.5224290931019067	1.055824376480271
50.0	0.05	1.305047244922862	0.789573048783141
763.0	0.1	1.4335322990712434	1.1615433080560265
27.0	0.1	1.2593115845267135	0.6967961073759464
619.0	0.1	0.964370285292139	0.9574683603170807
1508.0	0.1	1.3215474205876674	1.206194876656331
1472.0	0.15	1.1008101572460636	1.0933706836392043
1591.0	0.1	1.1802808599947474	0.8266967469502484
1405.0	0.1	1.247600224033941	0.9741987915718638
324.0	0.1	1.014453487909644	0.7719484687599907
353.0	0.1	1.3437604252659352	0.5892915915415581
229.0	0.1	1.2513206999835755	0.6902240862665074
1502.0	0.1	1.3377669419570621	1.1399322242989254
1496.0	0.15	1.3217256089544946	1.0694995702367398
1575.0	0.1	1.4722056944844752	1.1872041906121429
1478.0	0.1	1.0013591430905209	0.903569949790396
359.0	0.0	1.2546041998854043	0.8993661817880477
254.0	0.1	1.346470929014803	1.1664760312811604
223.0	0.05	1.4588160640148407	0.8169767387903112
1132.0	0.1	1.1949183097219247	1.0209569988640559
1145.0	0.05	1.0040057346412605	1.0457692607682572
1048.0	0.05	1.1913115429359091	0.993205585979478
769.0	0.05	1.2036201292374378	0.8061255565535056
664.0	0.2	1.3374463042732008	1.2246907041726687
613.0	0.15	1.1747837461136519	0.8806359788126082
787.0	0.2	1.4089404350363832	0.9693243015321265
1360.0	0.2	1.0068596808434873	0.8075036488389924
1317.0	0.05	1.004569594082401	0.8865450908923302
1283.0	0.05	1.3081864206479026	1.0486306762679383
961.0	0.05	0.9287917213130045	0.9331916943879986
916.0	0.1	1.1156775485974604	1.0425974484632485
882.0	0.15	1.1024872364215896	0.9833358131331696
436.0	0.15	0.9437435808091407	1.0086587212912903
441.0	0.05	1.1486096144031326	0.9573525288160215
192.0	0.1	1.2837179969354515	1.1661362282506054
1620.0	0.1	1.3868379863884668	1.2611579415571121
1657.0	0.25	1.258969092269919	0.8956507742839225
176.0	0.05	1.128768374074123	0.9586424709275047
101.0	0.05	1.1153420705017472	1.0848422171278134
198.0	0.15	1.2182808240964043	0.978326867637547
1289.0	0.1	0.8823813065799936	0.835780830474406
1384.0	0.1	1.0297879960477618	1.1930387858485552
1210.0	0.1	1.3951572359021018	0.8808989263380611
1267.0	0.0	1.1721752478357557	1.2292329632378054
888.0	0.1	1.2346352003199932	1.0697752557883864
546.0	0.1	1.2319910394701044	1.0610944182906896
531.0	0.1	1.2900053076345288	1.186607892439513
985.0	0.05	1.2019584590669603	0.7959300979570173
811.0	0.15	1.2124702386165858	1.190356923541963
866.0	0.2	1.2192830359003348	0.7661496810715706
202.0	0.1	1.0137992164449625	0.8160308117684106
396.0	0.05	1.2537964955560383	1.112824425267797
275.0	0.15	1.1929457926450693	1.0297811756126996
378.0	0.05	1.1238346399881252	0.9322924122259032
1459.0	0.15	1.1532507442091378	0.761396952242099
1554.0	0.15	1.177452390114866	0.9205787047712062
1523.0	0.1	1.0631431727593206	1.0368523739676694
632.0	0.1	1.4811379257497195	1.3092680388066877
5.0	0.05	1.0418615367391257	1.102558952630916
645.0	0.1	1.1950714193497647	0.8012454254416125
95.0	0.25	1.1979357709699714	1.0966975435113713
748.0	0.1	1.4404284733923904	1.184873729934886
1069.0	0.15	1.2342988431132924	0.9054546427113331
1164.0	0.15	1.2201594786875771	1.244451569377515
1113.0	0.1	1.0398031589612813	0.9923671103957357
1087.0	0.15	1.15655869968537	0.9775410192231894
638.0	0.2	1.0045177505207612	1.043332527130588
742.0	0.05	1.1649293776490897	1.0063650306215417
735.0	0.2	1.1001652350370892	1.1681191552761168
71.0	0.1	1.3844125868236976	1.025553116738033
1180.0	0.15	1.2567071541898704	1.1157402878288147
1014.0	0.15	1.1502909964689962	0.9864756794921017
1063.0	0.15	1.1938028710034838	0.7199472290674518
1119.0	0.05	1.257335368856518	1.0043261075482557
208.0	0.15	1.0336221360068176	0.6851520199194221
372.0	0.15	1.2854996455934597	1.1564880795965178
291.0	0.15	1.1225701290852999	0.8614276722388909
305.0	0.15	1.1912264545011582	1.074701844280614
1424.0	0.15	1.204762989223637	0.88534711675546
1453.0	0.2	1.3858008787993128	1.397279298032897
1529.0	0.15	1.4496270304120795	1.0239015373340745
139.0	0.1	1.297176043404703	0.7058843993605564
1681.0	0.15	1.2613160134899626	0.9912268674775184
1618.0	0.15	1.146929434415862	1.1261510211874128
924.0	0.1	1.457206031573605	1.497417519885119
953.0	0.1	1.4743460378537727	1.1522379206326854
509.0	0.1	1.2886411665458193	0.7971323754677141
829.0	0.1	1.083063171870798	1.0169466583898388
473.0	0.2	1.451072988577864	1.133266786583255
404.0	0.1	1.2153176811907107	1.016240547089895
590.0	0.15	1.1500416338002482	1.217926139407434
1325.0	0.15	1.2589172004828635	0.8092881329014812
1352.0	0.05	1.2648126677200984	1.1990430582899085
1228.0	0.05	1.4657547896527345	1.2020791654218348
959.0	0.0	1.0503940022453622	1.1988910683853136
497.0	0.1	1.1210567318317186	0.9332951892345085
503.0	0.05	1.1735132520885898	1.0157794818832762
574.0	0.15	1.4349952182941004	0.850250994830591
854.0	0.15	1.0706346791133958	1.1456915405202126
823.0	0.15	1.14784272952298	1.1346148273803762
479.0	0.05	1.1375581819451948	0.9697268632139244
1358.0	0.15	1.100751449647406	1.0161584422815315
1255.0	0.25	1.7042154243665228	1.0313632922933293
1222.0	0.2	1.2384612040409093	1.025221169957613
133.0	0.15	1.3490959814902854	1.1014240006936942
144.0	0.15	1.2861274515770746	1.2620626918867204
1665.0	0.2	1.16992324294839	1.0946736325503126
1612.0	0.05	1.1931412859130475	0.9420370497817417
1121.0	0.1	1.0585384906377786	0.7986516148203242
1156.0	0.2	1.1363248287383234	1.1605396383222983
677.0	0.15	1.1534584048700964	0.9268393495603631
600.0	0.1	1.1964947269647745	1.2324655431303988
794.0	0.1	1.2236083188543883	1.342875109699715
699.0	0.15	1.0953504530025517	0.8583266316948693
49.0	0.05	1.2324920137579538	1.0644817501031927
1588.0	0.15	1.1503146894241745	0.9834920153814791
1511.0	0.15	0.945479958248433	0.9617974835140597
1485.0	0.1	1.08994720073435	1.1174267248680496
1566.0	0.15	1.2543687037038465	0.8684885541565964
247.0	0.1	1.3504924418432378	1.3501843405900278
230.0	0.05	1.1774553916302182	1.200275367047324
1461.0	0.1	1.394957573790149	1.280772210309145
1582.0	0.15	1.1722274197086477	1.1449606745556715
1416.0	0.1	1.3191278131222937	1.140462866321598
337.0	0.05	1.2773453522308928	0.8900075867756791
340.0	0.15	1.0797248344540975	1.0293101352434018
1051.0	0.1	1.0497271660253222	1.102567429295874
1026.0	0.05	1.3017806967551908	1.1330348295714796
693.0	0.1	1.2865252870567925	0.9186916861162747
43.0	0.1	1.3100773805314991	0.9345640702334204
707.0	0.15	1.2932599972699208	0.9979209717829183
34.0	0.15	1.091674956070805	1.3461864578443694
770.0	0.1	1.1496097635951077	0.6795646046613989
1661.0	0.1	1.3050960913106462	1.057018333379533
1616.0	0.1	1.203779563624284	1.3071711352115456
137.0	0.1	0.9200402623759816	0.5282310179553348
140.0	0.15	1.1476246036835267	1.015527669546094
1251.0	0.15	1.4031156986573519	1.1967409649200709
1226.0	0.15	1.1061483096388722	1.163530675462165
850.0	0.1	1.587390993178059	1.4789549081082096
827.0	0.15	1.4266653006070042	1.0039507142887887
507.0	0.15	1.279286837289762	0.8438450968502044
493.0	0.15	0.9782381213810343	0.8284764822129023
570.0	0.1	1.22202429287162	0.9355125089568149
1321.0	0.2	1.3669539293275899	1.002459978636888
1356.0	0.15	1.2425550103693126	1.0187967460596767
477.0	0.15	1.4333074930466627	1.2218902123050683
594.0	0.15	1.2119308753905256	0.8340788893266754
400.0	0.1	1.1477933281893828	1.0615298763299457
920.0	0.1	1.1671281511238638	1.0418467974801016
957.0	0.15	1.1194039061796413	0.9130921117088079
499.0	0.1	1.1406225775083412	0.89940758933192
1685.0	0.05	1.1661534273251173	0.9562064214360735
47.0	0.1	1.3011700167934888	1.074431517520526
703.0	0.1	1.4525200924435073	1.239416400674062
697.0	0.15	1.1522506253851437	1.0530767514913932
30.0	0.15	1.3926382577808847	0.8098621625638194
774.0	0.1	1.1083814044109432	0.8000157746671687
679.0	0.15	1.4168110484094556	0.9890396607089695
1158.0	0.1	1.092952465524264	1.0232858427312708
1055.0	0.1	1.0976756179462661	0.9827074359461759
1022.0	0.2	1.2661029476827308	1.383383243396744
333.0	0.1	1.3427224147121273	1.026622697405534
344.0	0.05	1.1996169477143124	0.9573203823611124
249.0	0.15	1.2565224060562932	1.1129791178375168
1568.0	0.15	1.3548900811733178	1.3014449091576688
1465.0	0.1	1.2716661566437257	1.539500045267898
1412.0	0.1	1.1516737026609198	0.9465892011279442
1586.0	0.05	1.2579186879114932	0.7771048027151929
339.0	0.05	1.148130978403626	1.0615256197076295
243.0	0.15	1.0954410808870132	1.0419930579950762
234.0	0.1	1.4149261227651075	0.9245664300785145
1481.0	0.1	1.1593280966384052	0.8024678926950584
1515.0	0.15	1.2776730660147906	0.976187799900945
1562.0	0.1	1.0555491070651277	0.7767323760520181
1418.0	0.1	1.2208695559798521	1.1208473280561817
709.0	0.15	1.4315172745077784	1.1983035966300573
673.0	0.05	1.0946241547495295	1.0564043635766007
790.0	0.15	1.0210838284777222	1.0108783772930459
604.0	0.2	1.307479169287284	0.8802706025807334
1125.0	0.2	1.1468130754339558	0.8517033486116002
1152.0	0.1	1.0980740696103535	1.0706386048409127
1028.0	0.1	1.159980922290033	1.2096950751228421
815.0	0.1	1.2600076405473761	1.1215060858180794
981.0	0.05	1.2537881149959162	0.954970058521655
438.0	0.05	1.1008674009324424	0.9114168483073939
862.0	0.1	1.2274841888932824	0.9956554549147242
542.0	0.15	1.0683183361813609	1.1891601019984306
918.0	0.15	1.1346104293880608	0.9688805493237205
535.0	0.2	0.9981924913406963	0.8799440043282745
1214.0	0.05	1.202904278381749	1.1545066396087589
1380.0	0.1	1.1985599001834462	0.8887748165337827
1263.0	0.2	1.26802099943949	1.0337269011186265
1319.0	0.15	1.1273816451892151	1.0551247663523076
172.0	0.05	1.0584683567792614	0.9804093720533155
105.0	0.15	1.233641888362873	0.9099411215444289
1624.0	0.05	1.266848404448606	1.269140483407962
1653.0	0.1	1.3273223158348375	0.8159208979532768
196.0	0.15	1.2502961820946803	1.1764291181502637
178.0	0.1	1.2807268639874474	0.9642032268264356
1659.0	0.1	1.2017716347617529	0.9215540390728156
432.0	0.1	1.1499689162042435	0.9282175352219949
868.0	0.15	1.1627147659048214	0.8244221462891862
445.0	0.15	1.1198860357103562	0.8190729382654668
965.0	0.05	1.1403735089899196	0.9873064258353332
886.0	0.15	1.3630452315929293	0.9800961930147103
548.0	0.15	1.0571661298524866	0.9962921176164481
912.0	0.2	0.9644072913913907	0.912654545746105
1269.0	0.1	1.3607833709095778	1.0643405754772597
1364.0	0.15	1.2565061238292656	0.8848087794670522
1287.0	0.2	1.4269243400324165	0.8280149034104098
1313.0	0.15	1.2749832096847231	0.9897553573943104
1420.0	0.15	1.1338270417633867	1.0543196797039325
1457.0	0.05	1.419121207795333	0.9651792140811501
376.0	0.15	1.157075332076923	0.9558238730051647
301.0	0.1	1.3816812458378331	1.017041182506474
295.0	0.1	1.214526179527219	1.126605787684441
398.0	0.1	1.1645335548826026	1.0974233566693694
1089.0	0.0	1.3335059390287687	0.7209218432676221
1010.0	0.05	1.1309047786695896	1.1072992291074368
1184.0	0.1	1.2683792634821565	1.3263617880850773
1067.0	0.1	1.0489301999907756	0.9650709101477525
746.0	0.15	1.0122475182967436	0.969273351604636
731.0	0.15	1.2743432546704014	1.0621181441583443
75.0	0.05	1.174950249730032	1.0216972288268202
1160.0	0.15	1.1523425597998203	0.892501408200296
1083.0	0.1	1.0647936794767074	0.996130887885949
1117.0	0.15	1.101456570461572	1.407018229686133
636.0	0.05	1.2736414554787863	1.082718328899171
1.0	0.1	1.254711172775975	0.8570743620167818
91.0	0.05	1.3171851579434515	0.9874332423340928
641.0	0.25	1.1552642634959693	0.922632594424629
1550.0	0.15	1.1754232363904615	1.2556842408665412
1527.0	0.15	1.1005158341853687	1.094356103688739
392.0	0.2	1.1955118595493825	0.7942927720781442
206.0	0.1	1.0839565453340942	1.0255213816570516
271.0	0.05	1.3048498939843043	1.1277857400503177
1678.0	0.1	1.0138773595835482	0.8139664732018099
159.0	0.1	1.217097954877962	1.115117838087106
1332.0	0.1	1.0667411726600702	0.909517828620437
1345.0	0.05	1.1622894319418304	1.0714402544181731
1248.0	0.1	1.271956197242118	0.8371013714690996
933.0	0.1	0.9479686790501727	0.6696639708945459
569.0	0.2	1.3041277465143708	0.8559677832176047
944.0	0.15	1.2383561109065482	1.009289928541615
464.0	0.1	1.0938952558297592	0.8689532717160193
849.0	0.15	1.093520070433076	1.1065437287667406
587.0	0.1	1.2648816544839505	1.1978303115931965
413.0	0.1	1.1511187046603895	1.1097871106216306
1338.0	0.25	1.3547690906702694	1.2284640469977899
1242.0	0.15	1.195224473486706	1.0231327453044494
1235.0	0.1	1.1130631042860037	1.1733318943672233
514.0	0.1	1.084563000698816	1.029548534590523
480.0	0.1	1.2480705634020004	0.7883594431730814
939.0	0.25	1.1976895202834124	0.8739535399057011
563.0	0.1	1.2850991082309335	0.8602419287981415
843.0	0.1	1.1765770368332957	1.5129682265814157
419.0	0.1	1.162861766662815	1.1086472638238072
834.0	0.15	1.3685386500556904	1.2709026155802339
1672.0	0.05	1.7688420051031337	1.2446729139488792
1605.0	0.1	1.4232751655646592	1.707515968758029
124.0	0.2	1.3156779157050815	0.9614535640614861
153.0	0.05	1.1910024302819602	1.5138481151888488
660.0	0.05	1.5115731216601043	1.6550278489637353
783.0	0.1	1.158002456930177	0.8825965948056017
617.0	0.1	1.3795311436659803	1.0875122683218659
29.0	0.0	1.1907723521445281	1.1365447393510502
1136.0	0.05	1.1321360113127972	1.020096638285803
1141.0	0.1	1.1978577576240401	0.992271374036612
250.0	0.15	1.2406441442275906	0.9010244740311867
227.0	0.05	1.1195224461702757	0.7752976922985894
1492.0	0.15	1.1283854390813008	1.1245152069151523
1506.0	0.1	1.1915111006534753	0.8441262747675021
1571.0	0.15	1.0986677157778741	0.9198970220880205
320.0	0.1	1.1296841311378345	0.7664974534974538
357.0	0.15	1.2171505246113699	0.8709078235847357
1476.0	0.15	1.2689836304057918	1.0213867169099213
1401.0	0.1	1.1929546807450024	0.9259343050830434
1595.0	0.15	1.2724017320552834	1.0801567909214222
1498.0	0.1	1.031695316558637	0.8867864599295335
789.0	0.1	1.0731689045796005	1.0514132246036583
710.0	0.15	1.2386617945910774	0.8392602995169729
54.0	0.15	1.0716733541535524	1.1518185861940704
684.0	0.05	1.1664508571752223	1.069835300536069
767.0	0.1	1.0532010002011338	0.7709029994194191
23.0	0.1	1.1819684796164145	1.119471440921323
1046.0	0.15	1.0066053450457928	1.0230621971810574
1031.0	0.2	1.0271908957304803	1.080539156057474
976.0	0.15	1.1353840182506592	1.3752969742538923
895.0	0.1	1.2822994110045558	1.2105038127962533
901.0	0.15	1.1094100646852554	1.1624841159050903
421.0	0.05	1.2214905561257756	1.1289801547075313
998.0	0.1	1.0532305904046229	0.9034087938167193
456.0	0.1	1.5076023100191926	1.0473861223337402
1377.0	0.05	1.043732081982918	0.9905670095587642
1294.0	0.05	1.1578487407499187	0.7679130560207467
1300.0	0.1	1.2171192197316412	1.0933909489804288
1399.0	0.1	1.1401395571932307	0.9294054676473519
185.0	0.15	1.1704259806084603	0.9896897718603426
161.0	0.1	1.4192200666469907	1.5571728345656466
116.0	0.2	1.0662123168443225	1.0953097154772455
1637.0	0.05	1.1847435971063263	1.0154713126784944
1640.0	0.05	1.2096257609439467	1.0634742869127445
551.0	0.1	1.429538033587239	1.017818382756001
526.0	0.2	1.204511977547684	1.0207190535421222
806.0	0.1	1.1279524624257016	1.1683890356852908
992.0	0.2	0.9899929479450972	1.3750333401315729
871.0	0.15	1.1518411335320755	0.9935522016653464
1207.0	0.1	1.2783953885415387	0.836617183613701
1393.0	0.15	1.2286298417734696	0.8421066828140387
1270.0	0.05	1.2020710027518073	0.9966666486293135
1439.0	0.1	1.495651171671847	0.9135631780743015
1543.0	0.1	1.190547506040161	1.319761741900583
1534.0	0.15	1.212861544499001	1.1185871798495137
381.0	0.2	1.2466572701292822	0.7717728794151524
215.0	0.15	1.3271544164866238	0.9056816220884571
262.0	0.15	1.2607108856128173	1.3599264801881448
318.0	0.15	1.2014595370500467	0.8832907515821732
1009.0	0.05	1.0697053697999133	1.1203873724173485
1173.0	0.15	1.3114907426508462	1.1859641251614776
1090.0	0.15	1.1434069202978405	0.9174415479090554
1104.0	0.1	1.1296852851286898	0.7658786104084013
625.0	0.05	1.445076403085912	0.8686001164821002
82.0	0.2	1.073007584148367	1.0020796990397565
652.0	0.1	1.0000788458046586	0.7646645794828014
728.0	0.1	1.0682057578689554	0.8100295590247246
1003.0	0.1	1.1119152026260997	0.8854743977890829
1197.0	0.15	1.1811692089096673	0.692367019972121
1074.0	0.15	1.243776145125119	1.3490792644370344
1179.0	0.1	1.0853345421088298	0.8144636054990914
88.0	0.1	1.179070803679634	0.6648474011058109
658.0	0.05	1.0659675278037737	0.9570217121685611
11.0	0.15	1.1428758259225678	0.9895726289945087
755.0	0.05	1.1641572435507412	0.9858926693293116
66.0	0.1	1.273674267214632	1.077177220198049
722.0	0.1	1.1631712340376954	0.8633771441453305
1433.0	0.15	1.3075759637540512	0.7076805257700308
1444.0	0.05	1.3298158244437466	0.9639946742000982
1549.0	0.1	1.2921151993542392	1.1249399278594447
268.0	0.0	1.2407057929949556	0.990275982068712
365.0	0.15	1.0730949518062078	0.9655875534326095
312.0	0.2	1.1285883437219582	0.8251100303042395
286.0	0.1	1.1372656396876117	0.9622402231574668
1533.0	0.1	1.3252156673734696	1.7652536125696936
1544.0	0.15	1.2365126458126432	0.8602894339134424
1449.0	0.1	1.1904555227964804	1.0816294660751369
368.0	0.05	1.3054648477582282	1.0340811210592566
265.0	0.05	1.2667899407238494	0.9559167700381033
212.0	0.1	1.2140356686215223	0.7873689743846032
386.0	0.1	1.0994441420929355	1.0702034145439163
1103.0	0.1	1.0581654666212663	1.5152776704831445
1097.0	0.15	1.110502525816701	0.954680524477939
1174.0	0.1	1.3156758871639374	1.1057375970496648
1079.0	0.1	1.1708478888777314	0.8567436960167861
758.0	0.1	1.1990880951558334	0.8882092064035366
655.0	0.15	1.2096980636374985	1.082764506816622
85.0	0.15	1.2477865122074512	0.8534027492689007
622.0	0.1	1.1303753040721145	0.7488957606137008
1109.0	0.1	1.4258429382510516	1.2503827389545072
1073.0	0.15	1.4332171989195959	1.1079651054751216
1190.0	0.05	1.1464112599213232	0.7561135463313657
1004.0	0.15	1.0882187556077099	0.685858974770585
725.0	0.15	1.1816957177049188	0.783020122590386
61.0	0.05	1.3141663251160152	1.1169056854893813
752.0	0.05	1.2401134368537787	1.0749723633656756
16.0	0.1	1.133409504677991	1.0349152973016533
628.0	0.1	1.147803513290329	0.9590295029570637
1539.0	0.1	1.2258811838585526	0.8884647194356095
1443.0	0.1	1.05928010997862	1.2833761145727633
1434.0	0.0	1.2915436480087525	1.044669472897516
281.0	0.1	1.1272496463146755	0.6326379630474155
315.0	0.1	1.0339422635883475	0.8769331347328612
362.0	0.05	0.9504448484015366	1.0787541740430713
218.0	0.2	1.097857370092906	0.9816005649249138
451.0	0.1	1.1473275935898086	1.1510207318115606
426.0	0.1	1.233955401115443	0.807963477909773
906.0	0.1	1.4079772164206423	1.2513910090597928
892.0	0.1	1.7405158892953605	1.5398398923532353
971.0	0.05	1.4091613995431105	1.1826107773920178
1307.0	0.05	1.2365766884910838	0.8569024982188528
1293.0	0.15	1.381994772922357	1.1742694790215924
1370.0	0.15	1.3272385713015378	1.1999424984650533
182.0	0.1	1.1294983017275348	0.9913702831892115
188.0	0.2	1.2331634736745654	1.0049510213572315
111.0	0.15	1.1871374018368621	0.9467484912931556
166.0	0.1	1.1758147068987232	0.9590769034909976
1647.0	0.05	1.225668385568748	1.0924557999664808
1630.0	0.05	1.1909069348716113	0.7615705938219973
876.0	0.2	1.1024314000213902	1.0179054315965756
995.0	0.1	1.325000427532474	1.1636455151655223
801.0	0.05	1.2459549292759369	1.100454532899119
521.0	0.1	1.349420761660386	0.7519438798531375
556.0	0.1	1.186635277853128	0.8724213132151686
898.0	0.15	1.363271895847744	1.0102676410709688
1277.0	0.1	1.2068430019136749	0.8749903801799165
1394.0	0.15	1.2050046460053707	0.7569370181385334
1200.0	0.1	1.3721895734104461	1.037249644202611
1299.0	0.15	1.1631244017655318	0.9751657592079098
689.0	0.2	1.1215880612333504	1.3992665528402004
59.0	0.1	1.1016578510563408	0.9837176950344183
610.0	0.1	1.0726425024649524	0.9732693725513244
784.0	0.1	1.2099069791942103	1.1223003766211312
667.0	0.15	1.2794211930987376	1.024348519874778
1146.0	0.15	1.3586891974554973	0.962518449687452
1131.0	0.1	1.2618049887033396	0.981561860462106
220.0	0.15	1.201533178049744	0.9579746930189394
257.0	0.0	1.3452180155337403	0.9438976647317869
1576.0	0.1	1.0673126338536314	0.973182241222828
1501.0	0.1	1.4921646355179607	0.9754935212697304
1495.0	0.1	1.2805119627289026	1.174093514938979
1598.0	0.1	1.1581882112328914	0.9607833360808383
350.0	0.15	1.273367513148974	1.4050894212671585
327.0	0.05	1.2720145361965904	1.1264539349815583
1592.0	0.15	1.1403045962526694	1.0611559466683305
1406.0	0.1	1.2997880868611715	0.9375530006470647
1471.0	0.1	1.1344774264113102	0.991788713250132
24.0	0.15	1.4521442568982734	1.1594001869034336
760.0	0.15	1.295878648433106	1.0273744047088165
683.0	0.1	1.1769812934590458	0.8991117826455447
53.0	0.1	1.1820194335708776	1.2638353227407202
717.0	0.05	1.1486624527347626	1.0511697857080846
1036.0	0.1	1.227248754935601	0.7647469900579974
1041.0	0.1	1.22463310806102	0.9689027732276554
1608.0	0.1	1.3011320387606122	0.7809838636474165
129.0	0.1	0.9727631158517334	0.730286486924302
1238.0	0.1	1.6833944096491198	1.426859477430712
1342.0	0.1	1.1708879670312626	0.8554572835983466
1335.0	0.1	1.2355211048462365	0.8473053285414315
414.0	0.1	1.1200893826028129	1.1075253968593777
580.0	0.1	1.295119933721344	1.0440513238236324
839.0	0.1	1.0894495179946653	1.1695263044231066
463.0	0.15	1.1342141890116726	0.8425991709381669
943.0	0.15	1.193203387660399	0.9668042408471854
519.0	0.1	1.1394931583079908	1.0563187224068593
934.0	0.05	1.4556452059517775	1.0670541706966814
1232.0	0.1	1.0491837628822747	1.1059289614048533
1245.0	0.1	1.0523327705776042	0.9054476047875643
1348.0	0.2	1.1296034509227255	0.8711137354943435
833.0	0.15	1.0554670909143546	0.9932806794544048
469.0	0.1	0.9777543315261908	1.0261472810580174
844.0	0.1	1.2515274868794066	1.1222073625819398
564.0	0.1	1.315523611658777	1.1087547946922562
487.0	0.05	1.2464604271510977	1.3352381047033646
949.0	0.1	1.4649753523652969	0.8225100665309568
513.0	0.15	1.5067211935996492	1.3114568053265812
1602.0	0.2	1.1035821826415881	1.1251927180706447
1675.0	0.05	0.9987726447937918	1.1109491037837538
154.0	0.1	1.1953043019708987	1.2098130345944356
123.0	0.15	1.404323790562998	0.9846411152992853
1450.0	0.2	1.170946871669716	1.0039928611783346
1427.0	0.15	1.3741245022343505	1.006189101307933
292.0	0.1	1.2227991391288073	0.8281735217332777
306.0	0.05	1.0936667578108719	1.0562970346096576
371.0	0.0	1.1573250906782098	0.8962648875275434
1060.0	0.15	1.2559449044191884	0.9231066310595119
1183.0	0.1	1.5835994459381713	0.9338667475820762
1017.0	0.1	1.3581612327205586	1.265368315085084
72.0	0.15	1.4761705942492904	1.7433559379291432
736.0	0.15	1.2422710554310057	1.084349566164604
741.0	0.1	1.3172723627114407	0.8722400547146367
1189.0	0.1	1.140147997730673	0.9689823052305813
1110.0	0.1	1.0796920424099323	0.840223350331098
1084.0	0.1	1.1253687690501273	0.9447202575564472
1167.0	0.15	1.5307287014841333	0.8229859513166063
646.0	0.1	1.1339692209605037	0.7695721974119688
96.0	0.05	1.2129957348447569	1.3026405996729689
6.0	0.2	1.090773915407238	0.9917933851330086
631.0	0.15	1.237403120226016	0.766920525248217
78.0	0.05	1.1935333313440892	0.8898080919084587
1520.0	0.25	1.2083996952583134	0.8962122466654383
1557.0	0.1	1.2246283027478904	0.9500818062584705
276.0	0.15	1.162849170423033	1.1916312304822965
201.0	0.1	1.1428651796058351	1.22239983454331
395.0	0.1	1.4770010702650807	0.7496924636362963
298.0	0.1	1.2647618045786888	1.2689945926322095
532.0	0.1	1.1811331738889284	0.8150142326129859
968.0	0.15	1.390379949821559	0.9535605344957138
545.0	0.1	1.1144610072144325	0.9653798721469078
865.0	0.2	1.4745319557250138	1.249864299863282
448.0	0.1	1.38556861174228	1.1677786852837202
986.0	0.1	1.3836933651204677	0.7802800751117348
812.0	0.05	1.2539185429465218	1.090939538617339
1369.0	0.1	1.0950439101062073	0.9254646713987077
1264.0	0.05	1.1576169827828664	1.1088354649004395
1387.0	0.05	1.278332974581821	0.9958593667345531
1213.0	0.15	0.8530480436486585	1.2990741324868087
102.0	0.15	0.9357211204966991	1.3114873275649548
175.0	0.15	1.1879100704864243	1.3486357208987074
1654.0	0.1	1.205612138154061	0.7197085982519433
1623.0	0.1	1.1340580319760258	0.9766932846485912
108.0	0.1	1.1683543914152006	1.0329867921627067
191.0	0.05	1.0693517602873213	1.126271402316669
1629.0	0.1	1.3470827546508573	1.218301184846509
915.0	0.1	1.2365491123649368	0.8398631641751262
881.0	0.1	1.151585216611726	0.630395090830998
538.0	0.15	1.1021159416761683	0.843275098458594
962.0	0.05	1.2906648392519917	0.9790363759576496
442.0	0.05	0.9864763032474263	0.5723593471540448
818.0	0.15	1.1162805528207183	1.236758858909727
435.0	0.1	1.1071109478301602	1.1476002944257402
1314.0	0.1	1.2061712801460658	0.7455985254950629
1280.0	0.1	1.2381543677100322	1.138960915104499
1363.0	0.05	1.158697316687246	1.0937027005310749
1219.0	0.1	0.8088052950069536	0.9245837651686329
609.0	0.05	1.1546348050770674	0.9874055499708072
773.0	0.1	1.2608452011077815	0.9186357563485336
37.0	0.1	1.408520519036807	0.9107950139747176
690.0	0.1	1.1127700712373725	0.9970617864081261
704.0	0.1	1.2420276051180794	0.9508443876267025
40.0	0.15	1.083219702906538	1.1773411052639529
1025.0	0.05	1.2891548805731623	0.9259668450185148
1052.0	0.15	1.272528888034264	1.0994190329774478
1128.0	0.1	1.3778035713991263	1.2137553266102197
239.0	0.15	1.3564825875479167	1.0526227058557387
343.0	0.05	1.1586404969115296	0.9658819491451349
334.0	0.1	1.2991936779676123	0.9260212962936779
1581.0	0.15	0.9550040221818664	1.0046968407360002
1415.0	0.1	1.2000253812852373	1.1893480044997766
1462.0	0.15	1.2732315067752351	1.3892837114541163
1518.0	0.1	1.3260376153672204	1.2467400724115931
233.0	0.05	1.1493544279769639	0.8636179090085897
244.0	0.05	1.8280077341142813	1.7931687791166542
349.0	0.0	1.1209882691875164	1.0162106815733183
1468.0	0.15	0.9872875633663233	1.0409200759268624
1565.0	0.1	1.1795991728338022	1.2398792440365276
1512.0	0.15	1.27553617156747	1.2615335092526212
1486.0	0.1	1.0437161008413227	0.8769076261449201
603.0	0.15	1.4941072084023914	1.243606060159138
797.0	0.05	1.3103843400693467	1.04475801500679
674.0	0.05	1.3143053075449456	1.045007924688822
779.0	0.1	1.288844573273894	0.8818076377581442
1058.0	0.1	1.3262354085990693	0.9300101805177603
1155.0	0.1	1.2856132455514897	1.065541938928206
1122.0	0.05	1.2436537110499768	1.117485196048934
1611.0	0.15	1.2875296690127527	0.9463152177340851
1666.0	0.1	1.1324678383358813	1.0275648851265464
147.0	0.1	1.277781570805766	0.9115511438939741
130.0	0.2	1.047710746135125	0.9864846318869331
1221.0	0.15	1.203704817252281	1.0860902646221993
1256.0	0.05	1.076844717104821	0.9901273679542439
577.0	0.05	1.3480265998654384	0.8342968420877561
494.0	0.15	1.539073152655411	1.33379765538023
500.0	0.15	1.2214542299307312	0.9009174790709431
820.0	0.1	1.1504394782551568	0.8248788719546801
599.0	0.05	1.2568774737764628	0.9098249312182977
857.0	0.15	1.4420814973854577	0.8008257949303127
1351.0	0.1	1.3661673813922401	1.2610842776074878
1326.0	0.15	1.3209714376214488	1.2437371314890397
950.0	0.15	1.3980042216239124	1.1489029501760688
927.0	0.1	1.1691729910491302	1.0027683495037618
407.0	0.05	1.434435753746976	1.1368458979812626
593.0	0.15	1.2021532459791642	1.1678381058294411
470.0	0.1	1.184870847938339	1.1355613317548263
1682.0	0.2	1.082426451168383	0.8337040597579566
1288.0	0.15	1.0203693947050543	0.6884937199997577
1266.0	0.15	1.1587515603768177	0.9727809405743242
1385.0	0.1	1.396486355005057	1.2056650027567273
1211.0	0.15	1.2347517949360132	1.0304318257264011
530.0	0.15	1.378335331513607	1.403128642352099
547.0	0.2	1.4188454741828522	0.964856048487128
889.0	0.05	1.2305824201379152	1.0097415640741343
867.0	0.1	1.3309122725907736	0.9946216826972583
984.0	0.1	1.0643641428505775	0.984887348616565
810.0	0.1	1.401130423351064	1.1961927431470547
1656.0	0.1	1.1874237994743666	0.788333307772871
1621.0	0.15	1.138229721743709	0.8007426490314202
100.0	0.15	1.0826981295075455	1.1190098315536996
177.0	0.05	1.1264212212990385	1.1523856617200325
199.0	0.15	1.3047052388657867	1.3113601757792643
193.0	0.05	1.3450657354419189	1.2644418467402896
1316.0	0.05	1.3181488062817648	0.8917481242265745
1282.0	0.2	1.437260869894327	1.0934857615206655
1361.0	0.1	1.4183318186245522	1.0063075162741448
917.0	0.2	1.112138153541132	1.0024841590069202
883.0	0.05	1.4526160228263358	0.8678869507602837
960.0	0.1	1.4397153000862137	1.1456349297007657
440.0	0.2	1.2643605667614866	1.0230902647797986
437.0	0.0	1.1413378995175314	0.8351126186642016
209.0	0.05	1.1397148585448973	1.2378122919981578
290.0	0.15	1.013600349836039	0.8528075119452407
304.0	0.15	1.4295837995535066	0.9833446627561192
373.0	0.15	0.9750253033051988	0.8450878563572347
1452.0	0.15	1.173750055506013	0.9587174307904491
1425.0	0.05	1.0925637324119875	0.9354965607770942
1528.0	0.05	1.1844738394453909	1.123194975868636
639.0	0.15	1.276520057439343	0.8057238031191128
70.0	0.05	1.3538325781758054	0.9158812039567485
734.0	0.0	1.3202545492541133	0.8687795088152207
743.0	0.15	1.448420441803427	1.1120956822183585
1062.0	0.1	1.303224891862658	1.1725950335159934
1181.0	0.1	1.276250472640792	1.0841266720916318
1015.0	0.15	1.3001060803281868	0.8122243089307053
1118.0	0.1	1.1497694506376404	0.9211575556504931
644.0	0.2	0.9658084338459789	0.8527296910240958
94.0	0.1	1.2434328752561357	0.875158256831426
4.0	0.15	1.2041112946020807	0.9094828086240059
633.0	0.1	1.1085433347449003	1.111421547363701
749.0	0.05	1.072313641288137	1.020651240361528
1068.0	0.1	1.265522982809483	0.6393833176149742
1112.0	0.05	1.1214463102901948	1.0527533610100415
1086.0	0.05	0.9809236676478893	0.9184540633733455
1165.0	0.1	1.3241166478421345	1.2487900393601747
274.0	0.0	1.4064529685822447	1.400332900967401
203.0	0.1	1.0715729427803669	1.0709414393590635
397.0	0.15	1.588130751846966	1.1229728225151558
379.0	0.0	1.317664780507381	1.2173942624186935
1458.0	0.0	1.2431057199417337	1.1511515393494616
1522.0	0.1	1.1373542133663075	0.7805102770577936
1555.0	0.05	1.5284310113080497	1.4637514713784865
145.0	0.1	1.3682432225087682	0.9026413623876839
132.0	0.15	1.3556169380131218	0.9156129712457001
1613.0	0.15	1.2861101864220668	1.1431989467305328
1664.0	0.1	1.6485240554505596	1.249141756309303
575.0	0.2	1.403722501196079	1.206656276334551
496.0	0.1	1.3502267311733618	1.2243215699753787
958.0	0.1	1.3163026877028248	0.8220221990019548
502.0	0.1	1.3069514646940452	0.8926850195281779
822.0	0.15	1.0038506200124673	1.0876669559852286
478.0	0.1	1.305633803386877	1.10195007827379
855.0	0.1	1.217568168286341	0.7662497342414015
1359.0	0.15	1.3141901156180777	1.3387384995880873
1223.0	0.15	1.2922866588820872	1.3528804070914695
1254.0	0.1	1.602055334277924	0.9855524891778611
952.0	0.1	0.9896206930729838	0.8419186813836453
508.0	0.05	1.0918038103107088	0.9728002258446159
925.0	0.15	1.2098498807950797	0.893826160147598
405.0	0.1	1.3286078365737681	1.3384281430185674
591.0	0.1	1.1346678569223043	0.8288157485240413
828.0	0.1	1.125278117173546	0.9133074327885586
472.0	0.05	1.165310563975992	1.0435360351287357
1353.0	0.1	1.367455902592005	1.1566702536442182
1324.0	0.05	1.109591653015014	0.9841276948178777
1229.0	0.15	1.128401190383462	0.9920248378637766
138.0	0.05	1.3304757054256837	0.9915778892586914
1680.0	0.1	1.1392981776736257	1.0488445889207014
1619.0	0.1	1.293311165091051	0.9312815994044111
1027.0	0.2	1.3245466418069747	1.1648868203185943
1050.0	0.1	1.2728632241183084	0.9746587779989461
771.0	0.1	1.1032135788213027	1.078575453892212
35.0	0.1	1.1548276446405579	0.9912988151801412
692.0	0.05	1.3324389623944137	0.8173128848586326
706.0	0.1	1.4163117126652625	1.1936688779875784
42.0	0.15	1.0526262887252498	0.8186294654277163
1583.0	0.1	1.1313275960386893	1.0320427363274844
1417.0	0.1	1.4120657341090073	1.3670141480416726
1460.0	0.1	1.0714492882359565	0.8031326435210189
341.0	0.15	1.1985042293741015	1.0832462595881875
336.0	0.1	1.4064780912401824	1.2085469661856116
1589.0	0.1	1.1642089281336359	0.9595398083681693
1567.0	0.1	1.1164339628431934	1.0915157750006004
1510.0	0.1	1.1735566308275258	1.0816693132856385
1484.0	0.15	0.9757939712532989	0.8493337628488454
231.0	0.0	1.2455606879706476	0.8517290221171
246.0	0.2	1.1621311727808237	1.0785984598623255
1157.0	0.15	1.0677623921007993	0.8135511707545312
1120.0	0.05	1.1354015285615189	1.0371998422004352
601.0	0.1	1.115093121311339	0.6315822463353848
795.0	0.1	1.211438417730404	1.141893071370066
676.0	0.2	1.4054530349459546	0.8800600739851877
698.0	0.05	1.694354084503113	1.4038951532068689
48.0	0.1	1.1085267710787914	1.118776881234066
1208.0	0.15	1.21354876047884	1.0265127141858683
1305.0	0.1	1.2878304985150715	1.0839253511436675
1291.0	0.05	1.3691271187863372	1.1460713613147675
1372.0	0.1	1.0129621615135898	0.940519271376036
453.0	0.1	1.1870491153321927	1.0290107896562006
809.0	0.1	1.2579197124306802	1.0003219346834913
424.0	0.1	1.3476096451726358	1.1069968969354114
904.0	0.25	1.2511889301338983	0.9664016065536934
890.0	0.15	1.3068462245718162	1.0943200543354228
529.0	0.05	1.070813550994812	1.0731607323182395
973.0	0.1	1.2633117956152211	0.8380647424183049
1638.0	0.0	1.4240410254202198	1.140647221952177
180.0	0.15	1.0808314294877746	0.8675159983946528
119.0	0.2	1.3298283100845671	1.1135993254257388
1645.0	0.15	1.4848360949548876	1.3734122244375377
1632.0	0.05	1.4225932286644056	0.884025053684517
113.0	0.05	1.2010404344625936	0.9884321581246065
164.0	0.05	1.2076630889118658	1.36704552340142
1275.0	0.05	1.2599786875640917	0.9182152118930578
1396.0	0.15	1.2575086924894445	0.9002967319983477
1202.0	0.1	1.24683807408869	0.9424812167479105
1378.0	0.15	1.5298833680112816	1.1783947249896167
874.0	0.15	1.3437676282126918	1.168021576270085
459.0	0.05	1.0768468910751068	1.0333419153425802
997.0	0.1	1.1954362417860567	1.5841836870038446
803.0	0.1	1.1879414777285786	0.7745706066756938
523.0	0.2	1.0690489724321952	1.0626108982853377
979.0	0.15	1.2708363563598424	0.9348483624198713
554.0	0.05	1.137407824251623	1.153081973429826
289.0	0.05	1.1723759142926378	1.0354646993986025
267.0	0.1	1.1680883949981886	0.7093131134408004
210.0	0.15	1.581223841786741	1.135704091462297
384.0	0.1	1.373245920908996	0.9416290816346141
1531.0	0.15	1.3518468896644198	1.201739951803354
1546.0	0.1	1.169255200763362	0.9013950420195469
69.0	0.1	1.0699238752017082	0.8227213154289359
657.0	0.1	1.1085276921285314	1.1094966705288412
87.0	0.1	1.1279334919798614	0.9840290728874566
620.0	0.15	1.1159479897898037	1.1186093354012978
1101.0	0.1	1.4860978825179614	0.9876370650651464
1095.0	0.1	1.0037195533620051	0.994192613715062
1176.0	0.15	1.3074751840507828	1.2509871768735557
1198.0	0.1	1.1082680712276582	0.8926870067557041
727.0	0.1	1.3973760827935955	1.2115148515516496
63.0	0.1	1.3697250763592068	1.011022770130417
750.0	0.05	1.0792812915537733	0.8857851663317047
14.0	0.1	1.2423943654364522	1.1227620049207325
1071.0	0.1	1.2797997871497448	1.0584955680772365
1192.0	0.1	1.265500423710249	0.6958440162199317
1006.0	0.2	1.1184114395110185	0.9669955680241586
283.0	0.1	1.5512649371653964	1.5454068490359678
317.0	0.15	1.347961217406985	1.248176677215221
360.0	0.15	1.1459134108571067	0.43812272767742017
1441.0	0.1	1.2070337982464223	1.0496931720700315
1436.0	0.1	1.1736601227378847	0.9313086694313458
416.0	0.1	1.2465789891255212	1.037476263230303
582.0	0.05	1.1105366330730186	1.031668152130571
461.0	0.15	1.3975419610956856	1.4200303190391426
941.0	0.1	1.1538270022393873	0.9197894678534354
936.0	0.1	1.1824421029517336	0.915168240272179
1340.0	0.15	0.9831016988723396	0.9464864830754535
1337.0	0.1	1.2378472897686676	0.9235744660556955
831.0	0.05	1.1383440406886036	1.1243218460409237
588.0	0.15	1.2252845657147822	0.9461726069531954
846.0	0.1	0.9360923592634669	0.9651208627255559
566.0	0.05	1.3003137767102886	0.8409488039234517
485.0	0.2	1.263356013717903	1.050492877238149
511.0	0.1	1.2438676361313394	1.0324703193618878
1230.0	0.15	1.2231610791261545	0.9477330615163839
1247.0	0.15	1.1412113979713034	0.7300975794667478
156.0	0.1	1.2854778640053433	0.9155052853252534
121.0	0.1	1.2833996041801707	0.8379766588093421
1600.0	0.15	1.0482216069566026	0.9489305004253052
1677.0	0.05	1.1950421883485556	0.6959414195637059
1144.0	0.05	1.2581676206020802	0.7488392440141105
1133.0	0.05	1.025383686981629	1.1197705060204601
1049.0	0.1	1.0917674507534996	1.2083528411700226
768.0	0.1	1.3390017951709385	0.9341854074762481
612.0	0.1	1.067875769398074	1.0400366276928044
786.0	0.15	1.290877104062627	1.0814159910869134
665.0	0.05	1.5928871872588164	1.1217097388541604
1574.0	0.15	1.2691628106683297	0.7721964749474923
1503.0	0.05	1.1773206428320033	1.4723838351828864
1497.0	0.15	1.289549515337044	1.1424856102278365
1479.0	0.1	1.2571385425970498	1.1349850445706737
358.0	0.2	1.0425602009182484	0.9380619967794288
222.0	0.05	1.0852409987711353	0.9313422392061483
255.0	0.1	1.131724061387862	1.0487005592243854
1509.0	0.2	1.2203209116026488	1.0837131738318504
1590.0	0.1	1.4945963990623918	0.8505021535550841
1404.0	0.15	1.3555250240706347	1.2339006365227947
1473.0	0.2	1.4846628059967084	1.0872528187792048
352.0	0.1	1.191224798302285	1.0539389687266179
325.0	0.1	1.2179684899726282	0.7652016329984699
228.0	0.1	1.4970454953765797	1.3627221690044198
1139.0	0.1	1.2133097111169382	0.8398685901428022
1034.0	0.1	1.2079158828741696	0.760856536685996
1043.0	0.05	1.2190509628933297	1.0586251884243103
26.0	0.05	1.1145435676046676	1.137195922999129
762.0	0.1	1.2722147580819265	0.972296993903982
681.0	0.1	1.3529835314614849	1.196145783181009
51.0	0.0	1.1622553450260824	1.0921344947310445
715.0	0.1	1.1189290623460388	1.0156005274854971
618.0	0.1	1.029041826587679	1.0955944929273949
1039.0	0.2	1.509221614112739	1.107355504697183
1134.0	0.1	1.0599725238610291	0.9858767519573095
1143.0	0.2	1.317950948721844	1.0874187909633428
662.0	0.1	1.3707301837851231	0.8503642813762843
781.0	0.05	1.222764255732361	1.2342746588570992
615.0	0.15	1.0383529262972866	0.8311810007168048
718.0	0.1	1.4174639935185112	0.8820737174414768
1409.0	0.2	0.9877917040663508	0.6700728294545517
1490.0	0.0	1.3373895018272295	1.2506640838886354
1504.0	0.15	1.4672077153767844	1.0141335694192892
1573.0	0.15	1.2726623335849165	1.1568817671700742
252.0	0.05	1.2438178436428549	1.1241822916172433
225.0	0.1	1.3161925756132822	1.3395304054101644
328.0	0.1	1.1168922722021941	0.7816660368148282
1474.0	0.15	1.2580197125868104	1.3132600639592638
1403.0	0.1	1.1905325937304327	0.7165080670929996
1597.0	0.1	1.2082357065693017	1.1328546612405703
1579.0	0.1	1.2601539312215084	0.8006195034831718
258.0	0.2	1.2417417795581134	0.9691040458809671
322.0	0.05	1.130553976068793	0.8132084443282594
355.0	0.1	1.2701003889274034	0.9917033762119877
1044.0	0.05	1.2477393603287283	0.831366433288195
1033.0	0.05	1.358074061482901	0.9277275452266753
1149.0	0.1	1.0961432818689312	1.1055401182540903
668.0	0.15	1.407374312225028	1.1481253414255221
712.0	0.15	1.0789439176119577	0.9367730752633305
56.0	0.05	1.0887968028181763	0.8860316861508939
686.0	0.2	1.1171387877853869	1.360102672139053
765.0	0.05	1.1658215335529587	0.7249131444525786
21.0	0.2	1.1992905831875171	0.9705804133644651
931.0	0.0	1.1586586504673761	1.0984372056858174
946.0	0.1	1.5586462721631233	0.914462000109876
488.0	0.05	1.2583604570810183	0.7858758991610582
466.0	0.2	0.9617469085249865	0.9237303545800324
585.0	0.05	1.1997463015551302	0.9330758909494855
411.0	0.1	1.0287951209064383	0.9298526786272935
1330.0	0.15	1.2122581155368048	0.9722478251872103
1347.0	0.15	1.2018719580096286	1.0151548469092244
516.0	0.15	1.2059840586815467	1.087746192393036
482.0	0.15	1.2199917575778079	0.7997716983311526
561.0	0.1	1.09725266912045	0.935552660314254
841.0	0.15	1.2537382158734707	0.8003406095537674
836.0	0.2	1.1633716740941746	1.1786834955686134
1240.0	0.1	1.2588919448573745	0.9906972855379742
1237.0	0.0	1.3455342694270236	0.9123351203419537
126.0	0.1	1.109694741352435	0.9577649265554691
151.0	0.2	1.7163449470968413	1.8259504403806615
1670.0	0.05	1.1956693800515719	0.9963570540527812
1607.0	0.15	1.1650873979873104	0.958346368801574
383.0	0.05	1.4088062504509495	0.8983525724163286
217.0	0.1	1.2363674039941446	1.0349116496703112
260.0	0.0	1.2270923682768042	0.7732556414537826
1541.0	0.15	1.2928493284035154	0.9132038638843643
1536.0	0.2	1.18929876901772	1.0831774614071707
627.0	0.05	1.3107508114329185	0.8679905848236878
80.0	0.1	1.137688509349422	0.8008806533159217
650.0	0.1	1.1267954493050074	0.8983897201076216
19.0	0.0	1.0678675917077949	0.8091124275617573
1171.0	0.1	1.2102836280342675	0.9680755608622061
1092.0	0.1	1.3053925674559446	1.1287767610002266
1106.0	0.15	1.1713633374325152	1.0618230034858638
13.0	0.15	1.1701092316139705	1.0547724380742536
757.0	0.1	1.1925525947872613	1.523441434571602
64.0	0.2	1.2735147808065683	0.9848441324722756
720.0	0.1	1.1318601791693905	1.133972873429949
1001.0	0.2	1.488294089035734	0.9194537258130646
1195.0	0.15	1.2740379755616733	1.0218607907284132
1076.0	0.05	1.5118660478653545	1.3323047217134394
1098.0	0.05	1.3359021135438804	1.0081972284580916
389.0	0.05	1.2714911463848633	1.0649461365180275
367.0	0.15	1.1773080689400723	1.1636896490287263
310.0	0.15	1.3155534292952602	1.158712082844155
284.0	0.05	1.379841384741591	1.109803317882664
1431.0	0.1	1.207817813004323	1.3246173855242187
1446.0	0.1	1.1903847495727555	1.0336410957287236
1375.0	0.05	1.1347994167599766	0.9976896399699033
1296.0	0.05	1.0783620461835304	0.9017847946929362
1302.0	0.15	1.231550915993039	0.9173361715621615
1278.0	0.1	1.265232189792546	0.8721201128319461
974.0	0.1	1.4434641496199327	1.1556419393370252
897.0	0.1	0.9488041849625494	1.0225513570522922
559.0	0.05	1.1645150790126677	0.783024771484979
903.0	0.1	1.271711144720907	1.036021691222526
423.0	0.15	1.1484553295797835	1.0198115213491117
879.0	0.15	1.2598413217691318	0.9408709845287312
454.0	0.1	1.2961655274710104	0.7391520754403351
1648.0	0.1	1.0977818171020168	0.8376703673604834
169.0	0.15	1.2318591355524782	1.5571787777888866
187.0	0.15	1.4031470273707682	0.9724566670730902
1635.0	0.1	1.3455252115285092	1.0212522528059773
1642.0	0.1	1.3304828519502099	1.107105311307734
163.0	0.1	1.3998433917326785	1.350025917512058
114.0	0.2	1.185781786884282	1.119077842124125
1308.0	0.1	1.1452644540414572	0.612605703062517
1205.0	0.05	1.1039841059933004	1.0718322112521115
1391.0	0.1	1.1633569661674246	0.805474808802346
1272.0	0.2	1.2536878851552844	1.0979920058623573
553.0	0.1	1.2744216519140585	1.007408513326182
909.0	0.05	1.239407032452515	1.2031689452769196
524.0	0.15	1.2575000235987963	0.737707572039937
804.0	0.15	1.2735755478419666	1.0381285026117042
990.0	0.1	1.051309367958295	1.0498013877849175
429.0	0.1	1.4092335157363844	0.8970068274177175
873.0	0.2	1.3313288092244226	1.1742936615608273
1057.0	0.1	1.1909824059739822	1.0265732323688495
1020.0	0.15	1.1929666832167107	1.1459434381233549
45.0	0.1	1.2374798949555401	1.1388691645462616
701.0	0.05	1.3372232709734941	1.168869604165946
695.0	0.15	1.0432617501087869	0.962811350349274
32.0	0.15	1.2978463349032143	1.1118479823293468
776.0	0.0	1.3869791544529277	1.155062295181837
798.0	0.1	1.2822875613911648	0.7359108032478466
1489.0	0.1	1.1608524504130917	0.8768881995086801
1467.0	0.15	1.4138968032966972	1.2404601678522469
1410.0	0.05	1.3631077055067706	1.2993976748742146
1584.0	0.15	1.083719782479551	1.0843196026747113
331.0	0.1	1.3858711513744089	1.378973965589402
346.0	0.0	1.0146856101623132	0.8848834291023683
1483.0	0.15	1.3888664207325776	1.2740839369967856
1517.0	0.1	1.286424231209879	0.8268119212214952
1560.0	0.1	1.538092523258923	1.0662760602159704
241.0	0.1	1.2517887826357454	0.8397866530451336
236.0	0.15	1.4509346582817209	0.6835588125800962
1127.0	0.05	0.9475278215036649	0.9653645912169031
1150.0	0.15	1.3331191166905378	1.0767532224393481
38.0	0.1	1.2051666819215832	0.9102105253376697
671.0	0.1	1.3578970571410145	0.9626385603913626
792.0	0.15	1.3263587981590714	1.122087350019877
606.0	0.15	1.1759110807942978	1.6272344875503937
135.0	0.1	1.1792633249478377	0.8727380392947638
142.0	0.05	1.226310262218329	1.0213253860695923
1663.0	0.1	1.2487679528333588	1.3180999195246474
1614.0	0.15	1.1059402586453784	1.1324300450946974
852.0	0.1	1.2266398983950626	1.0225839999024864
408.0	0.15	1.1792368147325976	0.6388760653633572
825.0	0.05	1.3214262526303067	1.0031375618163814
505.0	0.1	1.3996013196694257	1.3545381705727626
491.0	0.15	0.9850441920044958	1.061957955671223
928.0	0.1	1.1822409539267282	1.1306730486047583
572.0	0.1	1.2794396167494688	1.136499495932054
1253.0	0.15	1.344264254101899	0.8751279951466093
1224.0	0.15	1.1043857162057198	0.861990757336545
1329.0	0.1	1.1278268293268208	1.0239916246883838
475.0	0.15	1.4123091876363218	0.7464564847168094
858.0	0.1	1.2710164377284883	1.0407766076289957
596.0	0.1	1.083683577484138	1.0711633138576238
402.0	0.05	1.4709517209506378	1.0244431406370875
922.0	0.0	1.3155072384686546	0.9691478700462072
578.0	0.2	1.0309943977205747	1.0622760924604044
955.0	0.15	1.329057873876778	1.5444035528627598
1259.0	0.1	1.2661506589460414	1.017721097671705
1323.0	0.1	1.1362902386562614	1.2107336446904116
1354.0	0.15	1.176198903951956	0.8453844517610939
148.0	0.1	1.761632685676386	1.123093700729807
1669.0	0.2	1.3024703577999603	1.0440825398583997
374.0	0.15	1.1589108110172224	0.892026209714842
303.0	0.1	1.3086829878010982	0.9221470296574987
297.0	0.15	1.2088836272945644	0.816230308028433
279.0	0.05	1.12550879496267	1.063860858458646
1558.0	0.15	1.1916050301440793	1.1430075785333342
1422.0	0.1	1.55946510293738	1.5088712931208725
1455.0	0.15	1.2423556886197449	1.0614178657092002
744.0	0.1	1.204781625792967	0.9427708945206258
733.0	0.15	1.081172727723637	0.8436987330304728
77.0	0.1	1.2489308821337606	0.9106791823677571
99.0	0.1	1.2074300506923077	0.6958813561962123
649.0	0.2	1.1403119785274183	0.8947520439587123
9.0	0.1	1.1808480184745005	0.989861687214527
1168.0	0.0	1.2414620759732453	1.101806529535259
1012.0	0.15	1.0551359263395483	1.011332733202464
1186.0	0.15	1.2546304674965574	0.9327307542509057
1065.0	0.1	1.216798905763147	0.8642722987734378
739.0	0.1	1.1645225149085991	1.4950686148896912
634.0	0.15	1.05936503023064	0.98086172678043
3.0	0.1	1.1877492933723302	0.9731537829546776
93.0	0.1	1.140599872708024	0.6127350362354707
643.0	0.1	1.0558587894719176	0.8498483906245762
1162.0	0.05	1.0690076858775561	0.82585899157273
1081.0	0.1	1.1440423498804215	1.0672614511002365
1115.0	0.15	1.3358831473129305	1.1355246468495572
1018.0	0.1	1.3085466034001196	1.0900028438694327
309.0	0.1	1.1098896678475743	1.048661507898816
390.0	0.15	1.5231485401400868	1.329810768946732
204.0	0.15	1.2710205309235565	0.9236177162304089
273.0	0.15	1.174710808872405	1.121599244872261
1552.0	0.15	1.0289358056682532	1.2714271045435797
1525.0	0.1	1.2984772810460277	0.8247985243075293
1428.0	0.05	1.1824170107700702	1.1507585945588048
1216.0	0.15	1.0544980813154805	0.9395433177915521
1382.0	0.1	1.4318460275857317	1.2283082942310743
1261.0	0.15	1.251856035391681	0.9356178261618906
817.0	0.1	1.116216552690516	1.1734773059575634
983.0	0.15	1.1817184093696762	0.8036998344124978
860.0	0.05	1.4516458778732475	1.316442345846089
540.0	0.05	1.087937054846068	1.0025290373785616
537.0	0.15	1.3625445014781297	1.0114755018518482
1626.0	0.15	1.1731395963922362	1.1993499080579462
1651.0	0.1	1.1589088887803725	1.0578908950361174
170.0	0.15	1.0937524061284698	1.0081600346772766
107.0	0.05	1.1798741931605254	1.0085587596154368
194.0	0.1	1.3412440969199542	1.0840991195981462
1388.0	0.1	1.2195553268997097	0.9961681254377395
1366.0	0.05	1.3256821535474326	1.0379774426870987
1285.0	0.1	1.249251154595109	1.2686473819296973
1311.0	0.1	1.26296344660422	1.0534216647671526
430.0	0.05	1.0741421804647522	0.8411605537021821
989.0	0.2	1.0165991934910792	0.9045528008987772
447.0	0.1	1.064065444094881	0.8769900067496019
967.0	0.15	1.1890564366493128	1.128616829958477
884.0	0.1	1.3138930737196097	1.0145682360015498
910.0	0.15	1.0980784362923734	0.9281306129321091
1556.0	0.1	1.268386132060505	0.8124662461409444
1521.0	0.1	1.217961087104967	0.8186079531495039
200.0	0.1	1.117437872552986	1.1714602092020543
394.0	0.05	1.432307156431189	1.1605992252883457
277.0	0.1	1.079703477627536	1.372690899056994
299.0	0.1	0.96935412266916	0.8411183647813637
1188.0	0.1	1.0162050839484424	0.826495448941498
1166.0	0.1	1.1754730507532323	0.9506943095991808
1111.0	0.1	1.2658964638476475	0.8538821790756486
1085.0	0.1	1.2908817182007188	1.2026645715550641
630.0	0.15	1.1948177045514552	0.7706276745830756
7.0	0.1	1.06738501241919	1.001749411809405
647.0	0.25	1.1035838681624304	1.2531715736757325
97.0	0.2	1.49276786421508	0.9202786544398059
79.0	0.15	1.3139834976890352	1.1327243145968788
1182.0	0.05	1.2899484381643336	1.1928056121940753
1016.0	0.15	1.2539079169486267	0.6638712120974596
1061.0	0.1	1.2040519341407947	0.9045974514262439
740.0	0.05	1.217608270153493	1.0336601854522485
737.0	0.1	1.1074772670326853	0.9093432049360364
73.0	0.05	1.1554081438597912	0.8281510723918378
1426.0	0.05	1.7605704181267676	1.4605851825293603
1451.0	0.1	1.088401196865895	1.5452227654827617
370.0	0.15	1.0989647899898352	0.9102168874609576
293.0	0.1	1.3165466792344345	0.9609760883070567
307.0	0.2	1.4202250090597173	1.0956145094741032
539.0	0.05	0.9324608221683586	1.0401420510987949
963.0	0.05	1.417502832017915	0.9053300014133061
914.0	0.15	1.2617896594647944	0.9107564029105675
880.0	0.15	1.242242672621889	1.1734547812447438
434.0	0.1	1.378436646361846	0.8865693537756129
443.0	0.1	1.3125287206932017	1.162156527009818
819.0	0.25	1.1563483988213796	0.9999217149859224
1362.0	0.1	1.3386541129962073	0.9951456021113128
1315.0	0.15	1.1455433116290288	0.9981832076097739
1281.0	0.1	1.2136245095851053	0.9493661686968017
1218.0	0.1	1.2946092797122533	1.2413713679673466
109.0	0.1	1.4271274424811684	0.9444181985664806
190.0	0.15	1.1833949031971776	1.0520902834903685
1628.0	0.1	1.2304790278417177	0.9465827226915288
174.0	0.15	1.3374248064881549	1.0640558802071383
103.0	0.2	1.1207767422510222	1.0073914938949986
1622.0	0.15	1.438887521209026	1.2005580499178732
1655.0	0.15	1.1815978959459963	0.9262686743824364
544.0	0.05	1.2457494017644573	1.0721266807923757
533.0	0.1	1.3362729900118162	0.8853631526882964
969.0	0.1	1.1431544380660585	1.3314183400294801
987.0	0.1	1.1704268885226214	0.7258903896932205
449.0	0.05	1.2463995764017959	0.686767316271027
813.0	0.0	1.3639403448896523	1.0462644391429525
864.0	0.1	1.4371718184639621	0.9216797568170345
1368.0	0.1	1.2219014194407285	1.0068273239895567
1386.0	0.1	1.3760557023875069	0.979796391728803
1212.0	0.1	1.2305971232193214	1.1270577270967437
1265.0	0.1	1.0410255223769767	1.0055373409330497
675.0	0.15	1.1524536917037835	1.101017733029922
602.0	0.05	1.5025355305743542	1.3398234887185936
796.0	0.15	1.4814382336624807	0.9300189588489574
778.0	0.05	1.3777914094226167	1.0682830164375132
1059.0	0.05	1.1408341316685717	1.2697051172830287
1123.0	0.05	1.0871091826249322	1.0420275454299397
1154.0	0.1	1.3058841445790186	0.7833061902610358
245.0	0.1	1.2044608274005728	1.107906443511352
232.0	0.1	1.211570160178578	1.1485126488454516
348.0	0.1	1.0671010409731345	1.5063121758706717
1469.0	0.2	1.450242124069976	1.6110555101033932
1513.0	0.1	1.3972312309260664	1.0484450645345715
1487.0	0.15	1.1963861614623108	0.9855240122073892
1564.0	0.1	1.3791484799419194	0.9288635495584511
238.0	0.1	1.2842156366550415	1.087212604413181
335.0	0.15	1.206410133178503	1.0534297844052067
342.0	0.0	1.2174171274829442	0.8635054371471256
1463.0	0.25	1.1947381842691394	1.1734254853470305
1580.0	0.05	1.3177833363735842	1.0609082882741296
1414.0	0.05	1.2362596803971153	1.1844143607031419
1519.0	0.15	1.1851322388169088	0.7020292378390197
608.0	0.1	1.007710444721598	0.9054830202694617
691.0	0.15	1.1841302424779347	1.2865280313722778
41.0	0.15	1.235256350996491	0.8400098261861315
705.0	0.2	1.0635306386259922	0.9184314143698833
36.0	0.1	1.2624426362174725	0.9216001318539118
772.0	0.05	1.1912085619505004	0.9295136817020755
1053.0	0.1	1.2524315912448765	0.9595474278881485
1024.0	0.2	1.2438935685622934	1.0186719763027623
1129.0	0.15	1.1284945988201076	1.152421184346387
1683.0	0.1	1.1083976487784644	1.053753757355385
1327.0	0.1	1.2568194399297177	1.0540471180554483
1350.0	0.05	1.5368200712844682	1.4066776563348242
926.0	0.1	0.8178528162262609	0.7263664188431745
951.0	0.2	1.2093876051408892	1.0469535281727755
471.0	0.1	1.4069904814658507	1.0821347456653092
406.0	0.1	1.1936606135760097	1.1053085572645993
592.0	0.2	1.2248558823130573	1.2844445826114204
1257.0	0.1	1.1292906903824547	1.1436975652514962
1220.0	0.15	1.4619931233437924	1.2134166079521183
495.0	0.1	1.1447754856833856	0.9926124272855031
501.0	0.05	1.105670247301079	1.0346752184619836
576.0	0.15	1.107087524496234	1.1505856897331945
856.0	0.1	1.1828675101395458	0.9206026735458008
598.0	0.0	1.382364346544832	0.92871002578405
821.0	0.15	1.229725247465773	0.6581852222866739
1667.0	0.1	1.2399838323426007	1.063987683390186
1610.0	0.1	1.3168760386827658	1.0930316843203582
131.0	0.15	1.0898262072752296	0.9600986527849065
146.0	0.05	0.9805488007134873	0.8673260561699149
1538.0	0.15	1.1153414773741064	1.122732169580463
1435.0	0.1	1.0737115753244706	0.7474580688205961
1442.0	0.1	1.2519662441095016	0.6571817021178367
363.0	0.15	1.2197396812579182	0.9295459715138659
280.0	0.2	1.2763774002010295	1.1159220047488494
314.0	0.1	1.0562184212417405	0.9413765269181017
219.0	0.1	1.1572085349406285	0.9820234418455971
1108.0	0.1	1.306831784183207	0.7727331169543096
1191.0	0.1	1.1155694619697005	0.8313260133106899
1005.0	0.15	1.2155492710046059	1.1335564363208135
1072.0	0.1	1.3685008823546163	0.7849261052219694
17.0	0.1	1.2426583389995325	1.0812456580982148
753.0	0.1	1.0834718026646595	0.9552109548446578
60.0	0.1	1.1414151870781544	1.0275653726929863
724.0	0.15	1.0799630858346623	0.9958268005078068
629.0	0.15	1.3169158479994334	0.8105635738364173
1175.0	0.15	1.211034941480215	0.9921390741701995
1102.0	0.15	1.3649449834867031	1.293493335469381
1096.0	0.05	1.319543580353811	0.8604261694755512
1078.0	0.0	1.2884687934160726	1.343642506692613
759.0	0.1	1.3971817921847784	1.208839153313162
623.0	0.1	1.2088213546545576	1.0577224201035682
654.0	0.15	1.3931775221483609	1.3968270876485223
84.0	0.1	1.2545522595490433	0.9270162331632147
1545.0	0.05	1.2262119093761823	1.1981508583544207
1532.0	0.1	1.3178632436482465	0.9320420354117286
1448.0	0.15	1.4068771744674886	0.9796944900211468
369.0	0.15	1.0698914290077108	1.1085773451075467
213.0	0.15	1.124633569764766	1.0374678126176171
387.0	0.15	1.092727697311659	0.958203651260994
264.0	0.1	1.1014735774424105	1.1931852079545038
994.0	0.1	1.2031789404187745	0.7409511752579084
800.0	0.1	1.229912827391964	1.0065925075983033
877.0	0.1	1.1786371832847677	1.1942292843177764
899.0	0.15	1.281510415329582	1.000561823417822
557.0	0.1	1.2006246287721605	1.207752114880757
520.0	0.05	1.3871134115979586	1.1513990413025512
1395.0	0.1	1.3089683817158686	0.8761456794115352
1201.0	0.05	1.251459836558916	1.100902961212915
1276.0	0.2	1.1577667216047176	1.0460327761475845
1298.0	0.1	1.2116164513824212	1.0293616500206866
189.0	0.1	1.4139128071209748	0.838678427328777
167.0	0.05	1.2662502237708912	1.0566756638154096
110.0	0.15	1.1726533823122918	0.8252254045561148
1631.0	0.1	1.1227871851660436	1.1576407833606361
1646.0	0.15	1.3092265035277746	1.3530956964349647
183.0	0.1	1.2219055717114355	1.1508883637706324
427.0	0.15	1.4105041810786882	1.0438059801331196
450.0	0.15	1.2004820590530745	0.8969572337908905
970.0	0.15	0.8685707593512257	0.9859064957958258
907.0	0.1	1.1890263218892463	1.1190125775256357
893.0	0.1	1.2700306036884028	0.9593325243054757
1371.0	0.1	1.1765267937373969	0.6129192567750015
1306.0	0.2	1.1906501673178818	1.129682784279486
1292.0	0.15	1.232373462375181	0.9773105363482996
682.0	0.05	1.222402649548279	0.9235525501166153
716.0	0.15	1.0788581657890355	0.952705752420447
52.0	0.15	1.3103048545901101	1.3641978175668177
761.0	0.05	1.2065258156878185	0.844461348072785
25.0	0.15	1.1263254515991417	0.8557216804057576
1040.0	0.15	1.1163030846373325	1.7705944106754472
1037.0	0.2	1.1769076199603299	1.1478150919662533
326.0	0.15	1.1992240261370402	0.5752964713482374
351.0	0.2	1.3248786115622149	1.0623252025924486
1470.0	0.1	1.2696329325090732	0.7780532527871855
1593.0	0.05	1.1969041101972493	0.8872571862518626
1407.0	0.15	1.174941693696694	1.0253129264624727
256.0	0.1	1.1439910259811614	0.9969978477081456
221.0	0.1	1.4429679661092645	1.1511379584066606
1500.0	0.05	1.138519485082331	1.022377754219229
1494.0	0.1	1.448741998188124	1.1048455944586708
1577.0	0.15	1.0441025370699781	1.462858066876546
1599.0	0.15	1.331384456884386	0.9905186363300633
688.0	0.05	1.2104326488083363	0.7490372527428193
58.0	0.05	1.262915862537727	1.1917585989946036
666.0	0.05	1.303349375079133	1.0962449781042767
611.0	0.15	1.3965912849187736	1.2914357570003254
785.0	0.15	1.3731970069104964	0.9417896357045606
1130.0	0.05	1.1117777862515226	1.157743680701896
1147.0	0.1	1.0539349999562966	0.9739597848044785
1674.0	0.2	1.252405888050369	1.3443543654558654
1603.0	0.1	1.3583621076836028	1.1939493158865058
122.0	0.15	1.5277371552435395	1.2845470295661723
155.0	0.05	1.3347991998670659	0.9041128569391537
1244.0	0.2	1.0364701148380486	0.5248917479764886
1233.0	0.1	1.1113173232350806	1.0486780369645285
1349.0	0.1	1.2259394709856744	0.9586222023122988
845.0	0.15	1.4077846676280277	1.0637827375970283
832.0	0.15	1.030236242676363	0.8563927872463827
468.0	0.1	1.064114337768608	1.0001433084988176
948.0	0.05	1.1742582151222716	0.9573934944968233
486.0	0.2	1.1844323340923248	1.0607550439583042
512.0	0.15	1.2440789645657833	0.776870142654969
565.0	0.1	1.213076925896604	0.7090077799685108
1239.0	0.1	1.1035250900986708	0.8991681993395125
1334.0	0.1	1.2801225879385993	0.7506479587158505
1343.0	0.2	1.167320473112736	1.0193866387451427
838.0	0.1	1.1419509544448947	1.2869634763384048
462.0	0.1	1.2828134604258903	1.0151416463036593
415.0	0.05	1.250418568824093	0.6733319366167708
581.0	0.15	1.1763326603457496	1.0558091104497114
935.0	0.15	1.2409396090422264	0.975362694105573
942.0	0.15	1.2302786116374456	1.206114413018094
518.0	0.15	1.378498783309469	1.1334349414757863
1609.0	0.15	1.1613796793708988	0.9023389172263877
128.0	0.1	1.1167598261388307	1.048988666009304
1604.0	0.05	1.3270034982524401	1.1872606029639252
1673.0	0.05	1.1763661791710087	0.7813605029231604
152.0	0.15	1.3535337682893254	1.3856531736647963
125.0	0.2	1.0861203393138668	0.9406649919773086
1339.0	0.1	1.3358015245833095	0.929522540496783
1234.0	0.15	1.0759312742823015	0.929722833295245
1243.0	0.1	1.1770713964552664	1.2011674487848554
938.0	0.0	1.1789003101760902	1.078948433559657
562.0	0.05	1.1899635797331818	1.133099467511609
515.0	0.15	1.3880531950389163	0.9292101072015666
481.0	0.1	1.1500179857558588	0.9923095893527025
835.0	0.15	1.2744545787903467	1.1930109980152612
842.0	0.1	1.349247613076647	0.8868552812920377
418.0	0.15	1.0276143356743934	0.9636426367255024
1344.0	0.1	1.253370981353048	1.033218780639527
1333.0	0.05	1.0835681050215895	1.530679014682832
1249.0	0.1	1.1143956653207523	0.8974993794708007
945.0	0.15	1.2735823629053598	1.235549305601148
932.0	0.1	1.244647550946763	0.8237803962405721
568.0	0.15	1.3394923730093917	1.0926378120348774
586.0	0.05	1.150917879550251	0.998221918110328
848.0	0.15	1.1984982474341976	1.0510070374007066
412.0	0.05	1.3259508268589295	1.0414435305557006
465.0	0.15	1.0782732533644952	1.0963093825291805
1679.0	0.1	1.4606333402791756	1.268957155411155
158.0	0.1	1.2490689935786365	1.2412161769232128
788.0	0.15	1.4388853428693131	1.1759792763798804
22.0	0.05	1.0405720830700327	1.1706783299641623
766.0	0.15	1.2467810055620654	1.1187151553547756
55.0	0.05	1.256571883651913	1.1297635418665872
711.0	0.05	1.1208600070872903	0.9967124437495227
685.0	0.1	1.254358858087488	1.072173503611048
1030.0	0.15	1.3062269193495315	0.9504330056999958
1047.0	0.1	1.3260352842497274	0.9566445120139636
356.0	0.1	1.1595616637208777	0.9529438394084387
321.0	0.05	1.230591095585501	1.0830080727742188
1400.0	0.1	1.5355560285608503	1.6198376745007843
1594.0	0.1	1.1633326656736331	0.9272478372560544
1477.0	0.15	1.101232174524352	0.7737298487996372
1499.0	0.15	1.2862194056798524	1.1417605725003213
226.0	0.15	1.1021123019666164	0.6383577999491337
251.0	0.05	1.1276186609482894	1.0241337206448389
1570.0	0.15	1.2392105985140036	1.2633113641504827
1493.0	0.05	1.3156936276522366	1.1609306409994864
1507.0	0.1	1.2756029388241403	1.1043182044375854
782.0	0.1	1.18177985237707	1.2027907386478065
616.0	0.1	1.3787383000342588	1.1432227587062906
661.0	0.05	1.3178699120327075	0.9381504356566334
28.0	0.1	1.244999743915047	0.9631948535870994
1140.0	0.1	1.1686775751870058	1.0440903511557313
1137.0	0.2	1.2608211302299528	0.8993149633746093
527.0	0.05	1.1226828321488291	1.0766568565311216
550.0	0.05	1.1466222598747957	0.9667429350519954
870.0	0.05	1.2598887132337508	1.3022408824941525
807.0	0.1	1.1750432791214926	0.8622887989241446
993.0	0.15	1.0678880338778896	0.9562203797984977
1271.0	0.1	1.1768699497320494	0.5464055497041012
1206.0	0.1	1.0910272681881545	1.1183412869202887
1392.0	0.1	1.3725837888409522	0.780028562569814
117.0	0.1	1.379713815659794	0.9109023372963367
160.0	0.05	1.2467035439669456	1.0506843988541192
1641.0	0.1	1.4476147601596236	1.2982979942020583
1636.0	0.1	1.2904306445054778	1.042308545540232
184.0	0.2	1.609385088624082	1.1189107184032134
894.0	0.15	1.2385512689104867	1.307643590281911
900.0	0.1	1.378707011930243	1.1760466262803817
977.0	0.05	1.2447416851069393	1.115551158835024
457.0	0.05	1.2331145347375936	1.1533232213375368
999.0	0.15	1.2748588303204356	0.8622358893300934
420.0	0.1	1.280079378231333	0.6262163431287804
1295.0	0.1	1.2925211975835753	1.1124854822577834
1301.0	0.2	1.2965812004107642	1.1016129140767104
1376.0	0.1	1.3164670448573632	0.683196903623943
1398.0	0.1	1.4307744253564976	0.9626278025352488
1445.0	0.1	1.108126025901169	1.1171233147885193
1432.0	0.1	1.0943519775037285	1.0491388003357798
1548.0	0.1	1.0941115522920906	0.8158028663456052
269.0	0.15	1.3275273437785988	1.5817272388658272
313.0	0.1	1.0662650130137346	1.0984281068587336
287.0	0.1	1.2951228387414007	1.1651398642191424
364.0	0.15	1.1600550625146964	0.9642983014982024
1075.0	0.1	1.2829610698434828	1.1920419148266443
1002.0	0.1	1.38059245275429	1.051481307156956
1196.0	0.1	1.3203083793503014	1.0904693666374938
1178.0	0.1	1.3346271824063694	0.95584119155685
89.0	0.05	1.3364939566631768	1.2458604993506068
659.0	0.05	1.1570316475138682	1.0982428414235221
723.0	0.1	0.9766607993874196	1.0216981412783224
67.0	0.15	1.2877395060787642	0.8859424900475292
754.0	0.1	1.1539311404961676	0.9378393477531736
10.0	0.15	1.7122798470809404	1.28423997157735
1008.0	0.25	1.4623476908327009	1.0096595558160468
1091.0	0.1	1.4490523728561304	0.9573174710274478
1105.0	0.15	1.0706046495540793	0.8231092513811599
1172.0	0.15	1.3003444008154512	1.1675302081497247
83.0	0.1	1.1367980065983694	0.7671498332559876
653.0	0.1	1.1892025510434658	0.9996762241786122
624.0	0.1	1.2421444658167065	0.9434354684360665
729.0	0.1	1.2834943685268296	0.9419439366063632
1438.0	0.15	1.4064065473262637	1.3352866679283713
1535.0	0.15	1.1060413031345466	0.8347137492927086
1542.0	0.1	1.2513498524775497	0.7435256811675516
263.0	0.05	1.269892015232292	0.9130466576586405
380.0	0.2	1.0165660935209935	1.066006733356681
214.0	0.1	1.1105904782095464	1.157987691552057
319.0	0.1	1.184861122122161	0.8707100709313502
1684.0	0.1	1.1565681999683282	1.21457513392641
1357.0	0.1	1.0889286700765697	1.0850529621993508
1320.0	0.15	1.1593268702933288	1.0548557350463588
595.0	0.05	1.258529476104935	1.3082877805195383
401.0	0.1	1.128455609037119	1.0102681783424838
476.0	0.1	1.3100055366167946	0.8519953914836126
498.0	0.1	1.1028534713931615	0.7436151600875608
956.0	0.1	1.2464606709614203	0.8425464254970767
921.0	0.2	1.0830386225918884	0.9374441608269797
1227.0	0.15	1.126917517346803	0.9982691595927792
1250.0	0.1	1.3267280471053928	0.9038595466986458
826.0	0.05	1.2076929836397239	1.1915534612745613
851.0	0.05	1.248671158434107	1.3707326532294317
571.0	0.1	1.4782149804019753	1.1100095642780863
506.0	0.05	1.120775374111809	1.1491025222991424
492.0	0.15	1.2749068211994494	0.8738436237619214
1617.0	0.2	1.1236220491239577	1.3003680682747734
1660.0	0.0	1.2440737299869542	0.9596578186418268
141.0	0.2	1.0756947621330886	0.9145901559672157
136.0	0.15	1.3475233713889005	0.8863946308573248
708.0	0.2	1.382000311219884	1.0769487105965514
791.0	0.05	1.3742337676516154	0.7865720125983221
605.0	0.15	1.4406885763548323	0.958448110714047
672.0	0.05	1.261388825154571	0.6863461045031365
1153.0	0.15	1.1769525378541135	0.8862856157390674
1124.0	0.1	1.1969054061102795	0.8441171428610766
1029.0	0.15	1.1833005367504246	1.1508709187855664
338.0	0.15	1.1609983437514164	1.12528073533429
235.0	0.1	1.0892334154670933	0.9198610502382539
242.0	0.15	1.390192345559882	0.7495624657558074
1563.0	0.1	1.145468263613567	0.6603584777941526
1480.0	0.1	1.1307397571337063	0.9343853915077693
1514.0	0.2	1.514789292936236	1.354267032100569
1419.0	0.15	1.3855986907435007	0.8589477871405988
345.0	0.1	1.1657123436846861	1.0636800757435791
332.0	0.1	1.46194831835476	0.9190402422441272
248.0	0.1	1.054992514591472	0.9826567100988535
1569.0	0.15	1.0646157288774136	0.8252245736500915
1413.0	0.1	1.341855372466937	1.1094712366619137
1587.0	0.05	1.3648940886053302	0.9114537675761661
1464.0	0.05	1.27450649891771	1.070565608100391
775.0	0.15	1.3448548419692934	1.0853644746241267
31.0	0.15	1.153888221664226	0.9085357517142973
702.0	0.1	1.1491115946044095	1.0833155642060572
46.0	0.1	1.3003207363780453	1.2507291141851204
696.0	0.05	1.113011745672952	1.0567225440537162
678.0	0.05	1.3095134403901083	0.791023020607927
1159.0	0.15	1.0365259379470646	1.0487443817044844
1023.0	0.15	0.9954632574923079	0.5578003693107679
1054.0	0.15	1.2398691058224627	1.011705669855339
444.0	0.05	1.1819884846710065	1.0402210663970217
433.0	0.05	1.3350919216557386	0.8552338034734728
869.0	0.15	1.3435802865531032	0.7745766785221431
549.0	0.05	1.1170245844437319	1.1615381286217978
887.0	0.05	1.0859045854940457	0.8648294418216566
913.0	0.15	1.50243211364555	1.4026250967411356
964.0	0.2	1.3711116602353959	0.9767672893124748
1268.0	0.2	1.2901971898582687	1.1991884861034496
1286.0	0.15	1.0734352445070439	0.9039323609153789
1312.0	0.1	1.1651562701361589	0.9088515272205187
1365.0	0.1	1.1409175665522602	0.9973189452730082
197.0	0.1	1.1640999587578866	1.2270779763899915
179.0	0.1	1.3071519185285068	1.0754152072592267
1658.0	0.0	1.3384250393318495	1.2116641250841798
104.0	0.05	1.2803937920353266	0.8859434081778519
173.0	0.1	1.1246737048645161	0.9577692547000192
1652.0	0.15	1.371848844376768	1.0435189116938368
1625.0	0.05	1.2856708170245603	1.1425150558023986
439.0	0.1	1.5024469099873996	1.2696900351856857
863.0	0.1	1.3327266587951938	1.2163796205522663
814.0	0.15	1.312469821846642	1.1386561156922048
980.0	0.15	1.1076628979715943	1.116656190218751
534.0	0.1	1.1171226574232134	0.9725478755917005
543.0	0.15	1.3838485083174297	0.8453346563116438
919.0	0.1	1.1627560301523794	1.0329508076535396
1262.0	0.05	1.1102181437619278	1.0061141313506394
1215.0	0.15	1.2925867161673863	0.8699758525486562
1381.0	0.1	0.9940818227184167	0.8943666435027459
1318.0	0.2	0.9842974719691199	1.109703846598505
1526.0	0.2	1.2372384914524848	1.3509065285926065
1551.0	0.1	1.0865739072106244	0.9292896888026101
270.0	0.1	1.0418972562858295	0.8382042639025441
393.0	0.15	1.049573977250122	0.8789808319685969
207.0	0.1	1.156725131009566	0.7980460829407552
1082.0	0.15	1.1672840104834603	1.0310003146567943
1116.0	0.15	1.0955761452946362	0.9986029791154118
1161.0	0.1	1.3204648765468259	1.032993568326266
90.0	0.1	1.3047775808369309	1.0861941218403048
640.0	0.1	1.0812027010220198	1.2222523284105378
0.0	0.1	1.2145808731709988	1.0367600368647805
637.0	0.1	1.4013807466995094	0.3586678207688057
1088.0	0.1	1.1870438851843736	1.2073141721483036
1066.0	0.05	1.4102245556314412	0.9580718437826762
1011.0	0.15	1.290270488365629	1.2562693175236508
1185.0	0.15	1.197049961335526	0.9462534994692748
74.0	0.1	1.1921355824459903	0.8659893699685983
730.0	0.15	1.2843762240416934	0.996836740331878
747.0	0.15	1.3809659864036188	1.0235976914410678
1456.0	0.15	1.263729795383318	0.987437535149058
1421.0	0.1	1.219403216370074	0.8192934093749246
300.0	0.15	1.1954229906909895	0.9102804204117798
294.0	0.1	1.2155217214371983	0.6367090369949054
377.0	0.15	0.973268564853555	0.8727958438786739
399.0	0.25	1.177224582067372	0.9900030129988693
