id	best_100	chosen_value	distance
225.0	0.7218968253968253	0.8656920748552791	0.601915569864927
252.0	0.726718253968254	1.0872408874161676	0.7939200310068947
55.0	0.7209444444444445	1.0907065910779206	0.7160385016577827
328.0	0.7142605190224238	1.0251392345141639	0.8606648390162871
22.0	0.7389444444444444	1.0818246507217597	0.4504462657514633
615.0	0.7109444444444445	1.1309073077637433	0.6481766361290596
662.0	0.7418968253968253	1.1132641305686697	0.8369020560020458
668.0	0.7118968253968254	1.1242839773661515	1.0243081076147476
686.0	0.7257658730158729	0.9750895200008534	0.5319242454740297
258.0	0.7233849206349205	1.0128166543768506	0.8570328945873977
355.0	0.722711128650355	1.0431056547365507	0.7482529999047459
28.0	0.7251153889451761	1.1039858767332793	0.7042325603910113
322.0	0.7176565734989646	0.949443960030542	0.7415093472512939
488.0	0.7161921558746955	1.1360483797760452	0.7979902995354657
585.0	0.7287065637065635	1.1103316437275979	0.6672161808609333
411.0	0.73401765468092	1.1350393063061819	0.7995500464728087
466.0	0.7112223233242342	1.1104215926145924	0.6300325017684666
151.0	0.716718253968254	0.9828215787268806	0.44600897888246416
126.0	0.716718253968254	0.9869489060253934	0.762171015509886
561.0	0.7357658730158729	1.1397169819720678	0.6671696921161195
516.0	0.7119306418219462	1.1498917206566557	0.6224408980986494
482.0	0.721797360248447	0.969882486665471	0.6653277208906762
650.0	0.7357658730158729	1.1458965956342082	0.6519787333252345
627.0	0.726718253968254	0.9618984239274346	0.7692536504970543
260.0	0.7085634920634921	1.1345804877947554	0.5589207195792036
89.0	0.7338015873015874	1.1035848335873677	0.5976418222101193
383.0	0.7238161375661374	1.0961072305018817	0.9215180200059431
217.0	0.7233849206349205	1.0489250030161699	0.5107336871536989
10.0	0.7133849206349205	1.0055958909405818	0.6197917833291566
67.0	0.7357658730158729	1.1168528108377453	0.8830320881997876
389.0	0.7226782425677454	1.0747275526471127	0.7163025879841297
83.0	0.7257658730158729	0.9634452813324168	0.8763594867934839
310.0	0.7248396390519678	1.1566986844202003	0.8030284324667801
284.0	0.7152896825396826	1.138968145033086	0.6698648675996945
367.0	0.7124903474903473	0.9397040434755136	0.6671157551574595
169.0	0.7307658730158729	1.1193869139398867	0.8206221633396459
187.0	0.750468253968254	1.13994132796874	0.4849215885518528
559.0	0.7309444444444444	1.1233810587009885	0.7966753142561777
454.0	0.7284738485558157	1.1116391568361657	0.5825415484243552
6.0	0.7067182539682539	1.0583190589789817	0.6665277955378663
423.0	0.7365480198813532	1.1169225766413469	0.5046927241743724
524.0	0.724611801242236	1.101608420988927	0.8492104958570028
553.0	0.729684265010352	1.0518418506874017	0.589341859020564
429.0	0.7270396825396827	1.0869183995438778	0.5245496479137659
114.0	0.7157658730158729	1.083526325767287	0.3994690504470251
163.0	0.736718253968254	1.0849049799483432	0.7657301286321968
346.0	0.6997772208298524	1.120444734818676	0.9959278960755724
331.0	0.730468253968254	1.135418348124937	0.7518837835854957
695.0	0.736718253968254	1.1563610376253832	0.7415997292927117
606.0	0.7075753968253967	0.9997664250225096	0.5581222608416817
671.0	0.716718253968254	0.9953547302139546	0.773834179431944
46.0	0.7395173745173743	1.1412588191586335	0.7627051057872888
31.0	0.7236880754674349	1.1421062930021981	0.6352215866938992
236.0	0.7257658730158729	1.1369244457684584	0.5078291815408956
241.0	0.7118968253968254	1.1324379378994176	0.3890737315420005
408.0	0.7319837241157037	1.110122664558041	0.8567815645646892
572.0	0.725019305019305	1.0582563585952391	0.6546516449708413
505.0	0.7186214826839827	1.1021586933262153	0.9657699629805594
491.0	0.7356461738924425	0.9351507619803242	0.7753044962067582
142.0	0.7124325396825397	1.1267764251698043	0.747258840478838
135.0	0.716718253968254	1.141059188395555	0.6759568120686051
148.0	0.7157658730158729	1.0803208973247687	0.4530561335935516
596.0	0.7118968253968254	1.0456842491098797	0.8754615928598797
402.0	0.719318783068783	1.1215378425474751	0.8233275984786002
475.0	0.734111969111969	1.1490491691299336	0.7478914082194112
578.0	0.7252170868347338	1.0936888290584725	0.7543578735099642
649.0	0.716718253968254	1.0985567976469168	0.6429614971331474
303.0	0.71571720712825	1.0585782750285893	0.5018329667404996
297.0	0.7209444444444445	1.1009729966455812	0.6922898014105562
374.0	0.704111371324486	1.0509109690117093	0.6042357674299631
279.0	0.7185634920634921	1.028000793268184	0.5997169047972088
90.0	0.7357658730158729	1.013032385844862	0.8225749615635323
309.0	0.7263943699026572	1.1419535258071716	0.6812614278190039
74.0	0.7218968253968253	1.0520373628970172	0.7355827973387818
273.0	0.7333849206349206	1.1213080259393793	0.9330462601829097
390.0	0.738287037037037	1.0716476419283025	0.4542804830582557
204.0	0.7185634920634919	1.1196502638991546	0.6293733510978631
643.0	0.736563492063492	0.8811160061858841	0.7092085764733553
634.0	0.7141825396825396	1.0030452540591204	0.7564106817712082
107.0	0.726718253968254	1.0210308047082564	0.46193665278275764
170.0	0.7157658730158729	1.1237128825038283	0.9323122564539488
537.0	0.7209444444444445	1.1342392795451568	0.6257214378601359
540.0	0.7313115513845441	0.880422357717757	0.6345305659347183
447.0	0.710468253968254	1.1115979075351332	0.642191411085492
430.0	0.7326899092970521	1.1462296968486592	0.49922400479940865
194.0	0.7257658730158729	1.0904434027912597	0.9376548019181092
177.0	0.716718253968254	1.1190525030255487	0.6770325709009728
100.0	0.7224325396825396	1.092564418803256	0.9231341942245985
199.0	0.726718253968254	1.1113430469159362	0.8486190286285263
547.0	0.7307712215320911	1.0198795736688628	0.8149658462019367
530.0	0.7207089947089946	0.908840949734357	0.7373036724035426
437.0	0.7380274387812076	1.1243596101687878	0.5784070216581212
440.0	0.7224481520101957	1.0163338231259282	0.7616651090067462
193.0	0.746718253968254	1.0175379543405165	0.6719225241616961
639.0	0.716718253968254	1.1101337819973742	0.6058265570729451
97.0	0.7067182539682539	1.1019348049705127	1.0109679387683395
209.0	0.7289444444444443	1.112632208354588	0.7396800075679377
373.0	0.7261824188220127	1.0989099520562786	0.6166385959743963
290.0	0.7109444444444445	1.0083353033464195	0.734409791775011
79.0	0.736718253968254	1.5410876383342953	1.0919829284055558
304.0	0.7204027355623098	1.108526136181928	0.697198011181928
203.0	0.7218968253968253	1.1085539014329415	0.9143700342212852
397.0	0.7165890269151138	1.0677824304328625	0.5777113090307191
274.0	0.7118968253968254	1.0721123137088322	0.8345362965516209
73.0	0.7176230158730158	1.0213951773740293	0.6085875872327666
379.0	0.737940797940798	1.1279885888858152	0.9391423747342302
633.0	0.6985634920634921	0.948714486914091	0.8246455228560539
644.0	0.7218968253968253	1.0211489982179272	0.7237487179922892
496.0	0.7343944099378882	1.0288050350296205	0.6836732197465148
502.0	0.7301651305683562	1.111277982160023	0.6360360916375266
575.0	0.6967488164856586	1.1116593561182915	0.9484008092463755
478.0	0.7247182304874612	1.126963002437151	0.819747089194346
132.0	0.726718253968254	1.1462517464705415	0.6864322084300167
145.0	0.7257658730158729	1.0631871466369682	0.5062145735433112
138.0	0.6918968253968254	1.0497430930404903	0.6312371551173324
508.0	0.7447539682539683	1.0682720840910653	0.6484102886559069
472.0	0.7247104247104246	1.1042928983740483	0.4453199520706165
405.0	0.7225148308481643	1.0064815383011954	0.8149505887819646
591.0	0.7475995316159249	1.024605548628457	0.7531375673609761
336.0	0.7345816251445391	1.09854703910173	0.8111426084252787
341.0	0.7107920144002617	1.1005716914889712	0.7508748568394503
692.0	0.7257658730158729	1.103410997007709	0.48997583143962486
676.0	0.7239444444444445	0.9897109311123586	0.4010951641433119
601.0	0.741455266955267	1.1084775305096688	0.7091637401180202
698.0	0.6924325396825397	0.9152533315282548	0.4268174960539633
246.0	0.6885634920634921	1.1146907972886446	0.4640238917790784
231.0	0.7385634920634919	1.1397123774675204	0.4652699212075592
36.0	0.735602503912363	1.0952846732600818	0.6030743972011552
41.0	0.7176876445720667	1.1244365136490804	0.5789780936264597
180.0	0.7056111111111111	1.0652503192455836	0.46136363507816525
119.0	0.7218968253968253	1.1258519580753605	0.6940152541773555
1.0	0.6985634920634921	1.1339349243490502	0.5250239242834195
424.0	0.7241382074715408	0.8544340896279735	0.4394990525035475
453.0	0.716659272404614	1.1131381774863283	0.7672681189545955
529.0	0.7081458881710139	1.0990137857888753	0.6566359595102871
459.0	0.6969426406926407	1.0356627371724827	0.5650935825910557
554.0	0.7069667511975204	1.0956968547975543	0.683553218867912
523.0	0.7354813664596273	1.0895896992273957	0.5778320795685374
164.0	0.668468253968254	1.0919382970126725	0.5126659766438788
113.0	0.726718253968254	0.952360041602133	0.5057233089500353
620.0	0.690468253968254	1.1389284118568503	0.9072488590757489
657.0	0.7218968253968253	1.1405774427338518	0.5185060136117058
289.0	0.724718253968254	0.9941245937908666	0.7014603054748867
60.0	0.728563492063492	1.0913629957537936	0.9147109249702666
17.0	0.7376385145253069	1.0291860105295654	0.7483116017840712
210.0	0.7218968253968253	1.1234541851080344	0.8745534007654997
384.0	0.7091179653679653	1.093653835541662	0.5081251897083288
267.0	0.734718253968254	1.1378365829331896	0.729177319764495
360.0	0.7351775722279319	1.0497858675054934	0.7544087649227915
283.0	0.7257658730158729	1.148421658151099	0.43524497698983333
317.0	0.7264206349206348	1.1082761343690735	0.5213208570351153
84.0	0.726718253968254	1.1179873352691516	0.6259130674605387
461.0	0.7385616102110948	0.8520596385241201	0.6041973725669275
416.0	0.745611111111111	1.132040685912329	0.6111744084410119
582.0	0.708767429623783	1.0092644772630026	0.75924063944674
121.0	0.726718253968254	1.1081146637515356	0.6869732013110533
156.0	0.7357658730158729	0.9278249691108681	0.8183732822690643
588.0	0.7271364221364223	1.1164674793274116	0.6362834409991469
485.0	0.7036490683229814	0.9792504525619676	0.8939460092120782
511.0	0.7306947560874262	1.0724334023999447	1.0401425204136292
566.0	0.7209886128364388	1.0537662893297528	0.5945725266410135
25.0	0.7286982151090035	0.972218075159356	0.8406883708969878
358.0	0.7281917631917632	1.1394199586857852	0.6492158989833331
52.0	0.7319909812409813	1.120858433391188	0.5851585877317176
255.0	0.7276111111111111	1.024185703219778	0.5531631257159528
222.0	0.7318968253968253	0.9948160355784745	0.6646531499936884
665.0	0.7209444444444445	1.105460069576685	0.559921729041104
612.0	0.7118968253968254	1.0402497879520907	0.6916119195779945
681.0	0.7067182539682539	1.1431211303785855	0.6994245166013365
618.0	0.7067182539682539	1.0240654861043121	0.5845502084462317
325.0	0.716718253968254	1.1627059677125178	0.6852110776341573
58.0	0.726718253968254	0.9882836514911542	0.7889829890021253
352.0	0.7343075396825397	0.9879418452048212	0.45343430934292994
228.0	0.7157658730158729	1.0744825964203215	0.6315579667154729
515.0	0.7104101966873706	1.1168399138052605	0.6389898476290715
481.0	0.7259444444444444	1.1126730761631536	0.6446736476900903
562.0	0.7233011583011582	1.1272403312291048	0.7384685263156867
418.0	0.7288611111111112	1.0674506160474124	0.48973112287219467
125.0	0.7176111111111111	0.9248643068496667	0.5302003757219654
152.0	0.7233849206349205	1.1326101919917746	0.9031233003888538
158.0	0.716718253968254	0.9481635163834519	0.5652906441554003
568.0	0.7196975546975547	1.1314004322035855	0.7775771851575172
465.0	0.7225219979296066	1.1125891384160775	0.5953875133747979
586.0	0.7209886128364388	1.0775885161131749	0.7341874114837538
412.0	0.7368715083798881	1.0407219488582093	0.37825232953677596
321.0	0.7330023131530669	0.8746823030645368	0.7876566945685927
356.0	0.7356297163674212	1.1648928334195237	0.3720077980089488
685.0	0.716718253968254	1.1110708563451837	0.9113351281069147
661.0	0.726718253968254	1.1099422162899988	0.5376958356023723
616.0	0.7209444444444445	1.0105437548874485	0.8211852236981417
251.0	0.7037658730158731	1.0861954618600838	0.8914351783980773
226.0	0.716718253968254	1.1121934878623552	0.7409828411944303
21.0	0.7235283831046543	1.1280769027945106	0.739684591259475
56.0	0.7209444444444445	0.9987274776429557	0.6826647266673578
160.0	0.7213849206349207	1.1215289679624807	0.6631105743336289
117.0	0.7157658730158729	0.9264349500335162	0.6638243202662721
550.0	0.7225586040155577	1.1487972203600234	0.6720077179966265
527.0	0.7213566195709051	1.101910847285674	0.6317423272201486
5.0	0.716718253968254	1.0152111862704996	0.4848456298757649
420.0	0.7215978835978836	0.9802667569231207	0.6393734326786122
457.0	0.7243075396825397	1.0275022726189373	0.7479007617039088
184.0	0.7222420634920634	1.1106013635347136	0.5387729719973952
659.0	0.7357658730158729	1.1292240591432883	0.7019190241602214
80.0	0.7318968253968253	0.9892423824176256	0.6336059525532177
269.0	0.7376111111111112	1.129565110380177	0.7522588092157032
19.0	0.7242577366678086	1.1302404961681796	0.8198925388799606
364.0	0.7089742063492064	1.0709933403228198	0.733304195214302
313.0	0.7275653358986692	1.109579856196555	0.5547878049077036
287.0	0.726718253968254	1.1020879046343746	0.7310828895215715
380.0	0.7477050727050727	1.0808473552644668	0.761789892009254
214.0	0.7257658730158729	1.04846315695099	0.8603385471810809
263.0	0.7309444444444445	0.9533828523033407	0.6043384017932187
319.0	0.726718253968254	1.1603318959987141	0.48350046078780196
64.0	0.7314206349206348	1.0692497155605083	0.739608069798538
13.0	0.7118968253968254	1.0553656776783316	0.7786892399886723
624.0	0.726718253968254	0.9998577802763639	0.6915977147562647
653.0	0.716718253968254	1.1362467180456692	0.7400895655053699
476.0	0.7137509549274255	1.0388183543551504	0.7255731198178142
595.0	0.7185882505175982	1.0964882358130956	0.6246274844992056
401.0	0.7331308713961776	1.0454612107173173	0.6995117362458333
498.0	0.7210252406973718	0.9729441096051481	0.7129212185335154
136.0	0.7324325396825396	1.14142941842845	0.8477489077805171
141.0	0.7357658730158729	1.1025074413883131	0.6551788823605355
506.0	0.7234749034749034	1.0563030156077142	0.6136493444269543
492.0	0.7171349206349206	0.923017329542522	0.6175002062248032
571.0	0.7071551936836911	1.1150554943112936	0.46630314437277015
32.0	0.7112687155240347	1.1409614681165652	0.7188194819530811
45.0	0.7310670882936507	1.117903253563747	0.5450115027807931
338.0	0.7131024531024531	1.0884766454631798	0.7885675228337288
242.0	0.7133849206349205	1.154507853179626	0.4747131416627778
235.0	0.7185634920634921	1.0806478405134763	0.6318816784185953
672.0	0.7257658730158729	1.1174069944930318	0.7025796519768919
605.0	0.746718253968254	1.0625126888268608	1.0661098724186733
696.0	0.7095158730158729	0.936120752704157	0.6429838014819247
678.0	0.7036230158730159	1.105319650418239	0.728455447420359
332.0	0.736718253968254	1.116283926330945	0.8071536319533279
345.0	0.7124197431781701	1.115115257450688	0.7148745675309368
38.0	0.7321119568045797	1.0467297530251265	0.8279159089494172
248.0	0.7105634920634921	0.9569757229282739	0.5165323174575455
197.0	0.726718253968254	1.1521115627957712	0.5338543969401344
179.0	0.736718253968254	1.0329909880742933	0.4587564763144073
433.0	0.7142777777777778	0.9773447511298281	0.7695287426304289
444.0	0.726718253968254	1.1703259235119399	0.6072464858378106
549.0	0.7424495341614906	0.9712895570292264	0.7299328340959159
439.0	0.7440417833800186	0.9602684641157535	0.7231912466187627
543.0	0.7384362934362934	1.1513050528267996	0.6043315107321315
534.0	0.7034321915900863	1.05813496811196	0.4772078161007047
173.0	0.7324325396825396	1.1091882916882543	0.9124350422617316
104.0	0.7218968253968253	1.1288813373284992	0.5253251088739826
637.0	0.7218968253968253	1.0717896161886358	0.7485249134976636
640.0	0.7136111111111112	1.1155817192081448	0.6782920810069983
77.0	0.736718253968254	1.05545027164307	0.4710100723658585
393.0	0.7201393924744178	1.1399600142115847	0.7807558817493642
207.0	0.7257658730158729	1.0597998529144896	0.6826791223460531
99.0	0.7037658730158731	1.1314659182709235	0.6803854292793826
270.0	0.7218968253968253	0.9888648970121533	0.5000166591735294
377.0	0.7300562532705389	1.0422389865292963	0.523773817258463
300.0	0.7295753968253967	0.8984198208332177	0.49483380173326535
294.0	0.720468253968254	1.1128404813211317	0.5655926461751764
93.0	0.7118968253968254	1.085928683138584	0.5403895545953873
399.0	0.7257416081186572	1.122354398771678	0.7866319123935744
647.0	0.726718253968254	1.1162491968430217	0.6203418465851276
630.0	0.716718253968254	1.117976474556269	0.7991119749411169
277.0	0.7209444444444445	1.0395338516933463	0.9262825913240158
200.0	0.7118968253968254	0.9719136682274958	0.5790969604308568
394.0	0.7106563706563708	1.0477901236871832	0.3918149838506825
70.0	0.7159444444444445	1.0933128588256917	0.7429732607864856
299.0	0.7257658730158729	1.0807648896493858	0.7066085390048653
94.0	0.7285277777777778	1.0135084851571239	0.9937396541713147
293.0	0.726718253968254	1.143380230079373	0.6337874604196079
307.0	0.7393063583815028	1.1363479356347774	0.5309624238630798
370.0	0.7300334168755221	1.122860179149876	0.5450053275335046
109.0	0.7067182539682539	1.1155156871716108	0.8873687437513653
190.0	0.726718253968254	1.171858273099199	0.6526329091702172
539.0	0.7076669254658385	1.0926836788957592	0.7423734745287589
443.0	0.728494623655914	1.0408916653404596	0.5307066219744688
434.0	0.7155538302277431	1.051229807624729	0.6333305678191481
533.0	0.7097759103641456	0.8534741762483339	0.6016368281111305
544.0	0.7212616144018582	1.087808258587358	0.7370080307429133
449.0	0.7236457545981356	1.146103390564041	0.5550244142018617
103.0	0.716718253968254	1.106298010417271	0.792294104167271
174.0	0.726718253968254	1.104650063879364	0.831193681867819
232.0	0.7357658730158729	1.109591475092943	0.7240786449084389
245.0	0.7257658730158729	1.142223674325737	0.8807304869334232
42.0	0.6968968253968254	0.9803711042559732	0.6260491911357707
35.0	0.7309577922077921	1.0031701198065117	0.5479818841371333
348.0	0.729811836434353	1.0051011596707813	0.5204327971451258
602.0	0.7190396825396825	1.1181568367082513	0.6490604852504607
675.0	0.7118968253968254	1.0419487214354866	0.8522384852097991
608.0	0.7157658730158729	1.1299140029148294	0.8818752153486511
691.0	0.7357658730158729	1.0855664213484726	0.7501118080816884
238.0	0.726718253968254	0.9844212535078148	0.9574457136493183
342.0	0.7224729769208296	1.142675208505647	0.7604318844117937
335.0	0.7315057915057914	1.012549483794219	0.7892328094062341
48.0	0.7287065637065637	1.1048364259186003	0.8668011285330376
406.0	0.7023532668881506	1.1298862518561261	0.35854110780688503
592.0	0.7327252944188427	1.1540405559899722	0.8871145043547745
471.0	0.721718253968254	0.973695291111621	0.5228136067368983
146.0	0.7318968253968253	1.0284927300482911	0.8851965418172754
131.0	0.7257658730158729	1.1157408820082038	0.5048745320284599
576.0	0.7191770186335403	1.1105995421972783	0.5383386909526743
495.0	0.7206949806949806	1.1004582676356394	0.585052896145942
501.0	0.6921349206349205	1.0342982991838598	0.6221993546466726
598.0	0.7119433719433719	1.0335770031122227	0.787302628548009
629.0	0.7330386002886001	1.0348043323592095	0.590927479487597
69.0	0.7124325396825397	1.053784480361042	0.6107803897412201
280.0	0.716718253968254	1.1286957738122763	0.9660054042417516
314.0	0.7222732109603618	1.1313616141190141	0.4681108934099323
363.0	0.7157658730158729	1.1129076040947203	0.3916046082996265
219.0	0.7085634920634921	1.1030435241265268	0.6196733892262315
87.0	0.7195753968253967	1.0181729876864571	0.8730051654313018
369.0	0.7041138348830657	1.0650530631411699	0.7640346216235684
14.0	0.726718253968254	0.9958732189129976	0.5411591654595427
63.0	0.746718253968254	1.0814223398461404	0.7138219036705727
264.0	0.7018968253968254	1.1439739824551107	0.8785645584909185
213.0	0.726718253968254	1.0752312189201105	0.6542296523500327
387.0	0.7078019908528383	1.0986113717544694	0.7013031670788212
654.0	0.716718253968254	1.101058254632791	0.4605972847847065
623.0	0.720468253968254	1.0461877652844405	0.6223928574119915
189.0	0.7357658730158729	0.9691800476266013	0.9055654017744836
110.0	0.7285634920634919	1.121105212437425	0.9342950848337935
167.0	0.716718253968254	1.0025887737833286	0.7104090404803628
8.0	0.7089404761904763	1.118554507396162	0.6188683957286887
520.0	0.7164606809644978	1.1211435141041406	0.5044396690513528
557.0	0.6973122991527899	1.087015405387637	0.5812090967203721
450.0	0.7303198472371404	1.1064563088477777	0.5161781199230413
2.0	0.7207658730158729	0.9770865812443137	0.7213168765845488
427.0	0.7498186498186498	1.1208734006021288	0.7265459562040258
183.0	0.726718253968254	1.1519605203916499	0.5531204119142782
351.0	0.6630873015873016	1.013305232483468	0.8265059837885921
326.0	0.7084357398873529	1.1064225809091892	0.4648152134501824
682.0	0.7339909812409812	1.069676935906676	0.8056090617421265
688.0	0.726718253968254	1.0509545335480996	0.5837752795069322
611.0	0.7357658730158729	0.9989019361947888	0.7421704735033984
666.0	0.7218968253968253	1.1316068918528053	0.45124242924817815
51.0	0.7218968253968253	1.1370523550675038	0.48510775598003625
26.0	0.7045562034337544	0.9789938903286485	0.7868624874940399
221.0	0.7067182539682539	1.0918973906842835	0.5692859794793208
256.0	0.7185634920634919	0.9374263139338158	0.30375867512503524
468.0	0.7432433390022675	1.14422570992567	0.6862769699568564
565.0	0.7109277950310557	1.004198287975698	0.5746740431386649
486.0	0.7221960579103438	1.1458852413139728	0.8566780349793303
512.0	0.7150643500643499	1.0940930496564525	0.7435992255351648
155.0	0.7285634920634919	1.0373622619113367	0.6639500771227047
122.0	0.7185634920634921	1.0138053576399721	0.6314102397630816
128.0	0.726718253968254	1.0669412848059396	0.7993999652476261
415.0	0.7387276785714286	1.130436248480069	0.9308867847712531
581.0	0.7270962732919254	1.0053902258233274	0.77307340767782
462.0	0.7191770186335403	0.9551565466780401	0.6700349761496268
518.0	0.7318968253968253	1.075861845214393	0.8203649640902015
112.0	0.7218968253968253	0.9686949394352993	0.5108065207115062
165.0	0.7157658730158729	1.00840348936683	0.4885213185516038
458.0	0.7269262566137566	1.111032358067473	0.5631447232625159
522.0	0.7034054097829607	1.1060911945617946	0.8166810129047379
555.0	0.7157658730158729	1.1038994354464664	0.8386463288639845
452.0	0.7316013558201057	1.1495261540499395	0.5933827660109302
425.0	0.7243075396825397	1.0698766493668885	0.6008455667689759
0.0	0.726718253968254	1.0746362050475318	0.8224056595289827
528.0	0.721797360248447	1.0982609459118975	0.762658381542553
181.0	0.7219909812409812	1.1414911120077258	0.4305134564065349
118.0	0.7352301587301586	1.1411594851269593	0.4231763304225785
282.0	0.691420634920635	0.9737090102125908	0.6262930708795666
316.0	0.7265267688996502	1.1196416612953883	0.5542914413469122
361.0	0.7142777777777778	1.0616482302702612	1.187507072149268
85.0	0.7067182539682539	1.1213998119165796	0.8780778283406453
16.0	0.7176111111111111	1.1153227678263649	0.8679557611327822
61.0	0.726718253968254	1.0399679377001192	0.6876865358088056
288.0	0.7318968253968253	1.0969191410540158	0.857688432102741
266.0	0.7418968253968253	1.1209478086875309	0.47715138793713385
211.0	0.724718253968254	1.00247436146807	0.696217951207398
385.0	0.7105503279155974	1.0518706817603292	0.8103588491663367
656.0	0.736718253968254	1.125724033639922	0.846638202649922
621.0	0.726718253968254	1.1565565717437978	0.6858183644813717
589.0	0.729371693121693	1.1312453463503807	0.5106285238989311
567.0	0.7280085403726708	1.126245028889	0.7761556929313079
484.0	0.7388472331842497	1.0913162517226827	0.82421349561788
510.0	0.7387896825396826	1.121812038803697	0.6592952564646951
157.0	0.7333849206349206	1.1177345774187686	0.6277015161521827
120.0	0.7324325396825396	0.9807663386931871	0.45369602619318716
417.0	0.7161468253968255	1.100403403065377	0.7062782036853426
583.0	0.7132129774986917	0.935884361405056	0.6105983526125682
460.0	0.7123750734861846	0.9999068304073687	0.36674079809760823
353.0	0.7270445134575568	1.1427875995161252	0.8362273213144285
324.0	0.7281724581724581	0.9487102557468473	0.6965673297274088
59.0	0.7285634920634919	0.8952460257987113	0.5802198589268319
229.0	0.7133849206349205	1.1074980926458329	0.6133697417802582
680.0	0.7057658730158729	1.051689478397349	0.6833673366752846
619.0	0.701420634920635	1.1292289717754367	0.6511583568921079
613.0	0.721765873015873	1.1137226764998645	0.5139054156063657
664.0	0.736718253968254	1.106904762084273	0.4574942095055568
53.0	0.7257658730158729	1.133966748996802	0.4938625930644979
24.0	0.7173556231003039	1.148173849458809	0.47810202059917006
359.0	0.7314360119047617	1.1267433302773986	0.7475436069603937
223.0	0.7342132034632034	1.1192977272062654	0.5728275145160922
254.0	0.726718253968254	0.960682354025187	0.7029407054094012
192.0	0.6985634920634919	1.0975794862298078	0.7868628037459129
441.0	0.7463509316770186	1.0333711719919674	0.39770120328605396
436.0	0.7242551566080976	1.0306852031607574	0.7979168427228206
531.0	0.7287065637065635	1.1035746653318292	0.9652114609227841
546.0	0.7182460317460317	1.0889199950613775	0.7180087671114992
101.0	0.7207182539682538	1.133344622826188	0.7887033856202861
176.0	0.733765873015873	0.9915989824448558	0.7957790796986137
198.0	0.716718253968254	1.11800302590888	0.88246524014824
645.0	0.7109444444444445	1.0730327512640514	0.7718824992176636
632.0	0.697515873015873	1.1435576279386928	0.6624128688699947
275.0	0.7176111111111111	1.0355186183054403	0.7730339283613077
202.0	0.7085634920634921	1.133235108821595	0.8656395712319239
396.0	0.7294684193121693	1.049127239780223	1.0152428936509748
378.0	0.686975546975547	1.0932963071964013	0.5238851413249854
72.0	0.726718253968254	0.9184921909043139	0.7276234212039545
208.0	0.726718253968254	1.1512685216525218	0.7079115698694635
96.0	0.7385634920634919	1.0161807693824363	0.8387112852275791
78.0	0.7209444444444445	1.0370894959390988	0.5859959494870671
291.0	0.7157658730158729	0.888966909509954	0.406326479234194
305.0	0.739363354037267	1.087827750477999	0.6029964088460954
372.0	0.7060992063492063	0.9743303290229172	0.5060059746163781
638.0	0.7242777777777778	1.1349029827922736	0.9795918680959097
509.0	0.7002301587301588	1.1056306383769186	0.7426560728896286
404.0	0.7276769626769626	1.0800879750332812	0.66469127795727
590.0	0.7291160372194854	0.9933065812799602	0.6637718764451063
473.0	0.7328097731239093	1.0883270159830138	0.7791401682749847
139.0	0.716718253968254	0.8822477639901788	0.5267933144208194
144.0	0.7209444444444444	1.071116142529511	0.6860367763483916
133.0	0.7027539682539681	1.0791017578411433	0.5973062738480703
574.0	0.7226782425677454	1.065660669174362	0.7663657239251552
497.0	0.7367472915091962	0.8414458538841362	0.6541101942538345
503.0	0.7132110682110683	1.0321824735858003	0.6072403543586874
479.0	0.7267284405171003	1.004718036501939	0.42751360812610434
230.0	0.7298968253968254	1.1092185235113372	0.7645912452375795
247.0	0.7185634920634919	1.080191364978609	0.6779994979318517
40.0	0.7156602254428343	1.0835212304772013	0.9411907372374524
37.0	0.728196008693934	1.1490118051511007	0.8023890032213224
600.0	0.7257658730158729	1.1353294229353172	0.8883195461914534
677.0	0.7409444444444445	0.9912969874881536	0.7776554110972305
699.0	0.736718253968254	1.1504660654278192	0.6470956121034687
693.0	0.716718253968254	1.0239147602792913	0.6122795075126265
340.0	0.7213803854875284	1.0383028932245817	0.6012599366905934
337.0	0.7286630036630036	1.1195519842100536	0.5888454859880679
30.0	0.7295817509007693	1.1481685475817391	0.35815194770979464
47.0	0.7323412698412698	1.1525861820987202	0.5889254227215175
240.0	0.6877608225108225	1.1239122249176345	0.36181151975492803
237.0	0.7257658730158729	1.1358688095911889	0.6668786336699052
670.0	0.6985634920634921	1.069696671896424	0.5686082747191485
607.0	0.736718253968254	1.1390305372309089	0.5565231509383876
694.0	0.7257658730158729	0.9517734005465268	0.4002317486228953
330.0	0.7419896004378762	1.100462840414309	0.8221188640302896
347.0	0.7357658730158729	1.1230328949516712	0.8955878388107925
474.0	0.7069841269841269	1.0863474460412006	0.8607374355466721
597.0	0.7272321428571427	1.1204681426838803	0.6241860592337749
403.0	0.7117111302352266	1.027768614600648	0.5589329033655369
579.0	0.7153273809523809	1.0680931049587863	0.5728025674223721
149.0	0.731420634920635	1.0935297054967006	0.6966698159024148
134.0	0.7318968253968253	1.095638362947455	0.5666271506703706
143.0	0.7081468253968254	1.082759247403992	0.4382812349130427
409.0	0.7094769930444087	1.0717771801916713	0.5853419924349199
504.0	0.7203198532344262	1.1314406649383895	0.6571383816604511
490.0	0.7317139914179388	1.0610615815788649	0.6763272744125491
573.0	0.7344785196687371	1.116569510248684	0.7504019070230532
635.0	0.7218968253968253	1.074394425790511	0.860797430421882
642.0	0.736718253968254	1.019413623076438	0.5185819097768651
308.0	0.7406661600810536	1.131394395880468	0.8813733423160417
75.0	0.7409444444444445	1.083743463362871	0.7893004090125267
391.0	0.7274010165864098	1.1465309578934537	0.9380418664023225
205.0	0.6960873015873016	1.0480040003397213	0.7922461410991516
272.0	0.7357658730158729	1.0825606382820134	0.7921567240671223
375.0	0.6949206349206349	1.1415467103703294	0.7183623646828946
302.0	0.7453157349896479	1.128092998297927	0.7636567339687367
296.0	0.7357658730158729	1.1457538033735817	0.626316647030122
91.0	0.7109444444444445	1.0254018651691188	0.9167346123668868
278.0	0.6985634920634921	1.0586241463864203	0.9005727511269261
648.0	0.7357658730158729	1.0848276006365942	0.8929788869591068
195.0	0.7037658730158731	0.9700500243716095	0.767603031698062
431.0	0.7248968253968254	1.135572434021077	1.07891630014201
446.0	0.7121641393987763	1.1532221837395888	0.8266149929418168
541.0	0.7225148308481643	1.1019074881142361	0.6166709252205236
536.0	0.7157658730158729	0.8886661806708823	0.796044928350571
171.0	0.726718253968254	1.1250157160950591	0.3846669293669584
106.0	0.7190992063492064	1.1062764363355022	0.7538265663751714
259.0	0.7109444444444445	1.0407577255354359	0.8436387793877435
323.0	0.7387129987129986	1.0196457005379433	0.7935014837422896
354.0	0.7308229813664596	1.0913109032700026	0.494647337172937
29.0	0.7175557564798071	1.1306190958721307	0.5275639359439989
669.0	0.7133849206349205	1.004529533226086	0.5436833788976816
687.0	0.7260873015873015	1.0675656972198926	0.6260786684738703
663.0	0.727670634920635	1.1495758106516551	0.8592391856286965
614.0	0.7233849206349205	0.907046304467313	0.48875453617182657
253.0	0.7262658730158731	0.9582433378554214	0.4543960836731056
224.0	0.7390992063492062	1.1143342335531994	0.7697828959978402
23.0	0.7140594122521834	1.1063745068206103	0.6791443586406349
54.0	0.726718253968254	1.1530144530153443	0.6733790226005838
329.0	0.7233011583011582	1.0938105534223552	0.8744809733483373
517.0	0.7263943699026572	0.9574698740883167	0.6717246023522138
483.0	0.7167354803192952	0.9826761078642126	0.7886307838187484
560.0	0.7253999015626922	1.0918399266050582	0.8323502516731429
127.0	0.7218968253968253	1.040602859721723	0.8082802867471288
150.0	0.7298968253968253	1.1222174403693288	0.9851576614580835
489.0	0.7348925983436851	1.1333074638558818	0.689590789979335
467.0	0.7095753968253967	1.0537223861434208	0.7302282631611614
584.0	0.7409159623445338	1.1012457462295233	0.9385708554417962
410.0	0.7420715358215357	1.1355786833801793	0.6580586479159299
82.0	0.726718253968254	1.1433730700127422	0.8402239833489777
388.0	0.7344380633325356	1.0951511605746171	0.6576505601086998
366.0	0.7395003903200624	1.1125636515873467	0.7719311213268355
311.0	0.7296027501909853	1.033237964429636	0.8421859052597599
285.0	0.726718253968254	1.1128303260788595	0.6760714139911551
382.0	0.7091228931435117	0.9715043306308827	0.7406962569653603
216.0	0.726718253968254	1.1118705030057805	0.7462829442812408
88.0	0.7318968253968253	1.0738609709164235	0.7450005251181476
261.0	0.7276111111111111	1.1302607349687857	0.6847555907543004
66.0	0.7209444444444445	1.123635619040647	0.7618203169622193
11.0	0.726718253968254	1.1453627152809784	0.6188029707119495
626.0	0.716718253968254	1.1156759752463616	0.7024606864246238
651.0	0.7218968253968253	0.997022010975316	0.6958962741413564
162.0	0.7230386002886003	1.1172519110383514	0.8944802995937092
115.0	0.734718253968254	1.1246577623028533	0.9250282046961673
552.0	0.7250834350834351	1.0131635284289047	0.5422952282033008
525.0	0.7326669254658383	1.0537386256961008	0.6739324609020325
428.0	0.7247007546187874	1.0837023982636524	0.594615036086244
558.0	0.726718253968254	1.113177863201909	0.5766497903042064
422.0	0.7219167017839584	1.125580845874405	0.6935662290214801
7.0	0.7185634920634919	1.054321328327628	0.5546955049480696
455.0	0.723501400560224	1.0327303132312526	0.6701106477713759
168.0	0.726718253968254	0.9972484224908287	0.5088012899870903
186.0	0.716718253968254	1.1141118341518275	0.5844955730556347
622.0	0.726718253968254	1.1428073586072425	0.7219807930601082
655.0	0.7185634920634919	0.9478585977304352	0.41611902239254095
62.0	0.7218968253968253	1.0966330237835378	0.6569964496720604
368.0	0.7325621443545972	1.0640615316035824	0.911392681640981
15.0	0.7357658730158729	1.0002011970634888	0.6898485749351454
212.0	0.7038015873015874	1.101167800279317	0.6093401370359748
386.0	0.7213227513227511	1.0882340709509908	0.6170971362055919
265.0	0.7165634920634919	1.145492888304095	0.6858439787852393
362.0	0.7202538300942556	1.0524059425323333	0.854537194595682
281.0	0.6976111111111112	0.9996322010082606	0.7456842888900399
68.0	0.6956111111111112	1.10704310675312	0.6530760375881505
315.0	0.7202446005724694	1.0804785756394961	0.8433517921782946
86.0	0.726718253968254	1.1200856331201725	0.5707561653963332
218.0	0.7457658730158729	0.9566204041193218	0.6935109958890596
628.0	0.7357658730158729	1.0356503546782216	0.33401133652286924
182.0	0.7385634920634919	1.0407436185090613	0.7271083644845261
426.0	0.728563492063492	1.102510626876959	0.8497370021231562
3.0	0.7257658730158729	1.099816412133528	0.8390734385455894
451.0	0.7306399864910502	1.0725312998575844	0.6441490276376832
9.0	0.7218968253968253	1.0272380357226212	0.5111915326407207
556.0	0.7235766045548653	1.0733655532900215	0.5004187314607598
521.0	0.7102301587301588	1.1189602896597954	0.7255709989461443
188.0	0.7518968253968253	1.0961238648412381	0.5075528057446996
166.0	0.7257658730158729	1.1273706923755078	0.7993219576023247
111.0	0.7409444444444445	1.1038652428347224	0.6909457583514252
27.0	0.7290371244916699	1.0276002702711853	0.6323669900990208
50.0	0.7209444444444445	1.1112712327614398	0.6426928366669045
257.0	0.7289444444444445	1.082050772077049	0.7586823168383983
220.0	0.7257658730158729	1.020503150262217	0.4694743465578025
689.0	0.726718253968254	1.1672041357843033	0.6002656909993115
667.0	0.7152301587301588	1.1517322355693158	0.8731322602315141
610.0	0.7259444444444445	1.1201132811896957	0.7025678058379997
683.0	0.7257658730158729	1.0540509852806004	1.0166233379484277
327.0	0.7409161490683229	1.1352496918843908	0.8653229340718909
350.0	0.7388795882936507	1.1201887664693437	0.8776644964896667
463.0	0.7289596273291926	1.1309614004375617	0.4233151268814
414.0	0.7195230237309446	1.080586416827206	0.5799884019133293
580.0	0.7528926482873851	1.045863524449738	0.773674599428133
519.0	0.6977290372670808	1.0659693057865305	0.6977503806427129
129.0	0.726718253968254	1.1092013700345271	0.6462738672272152
123.0	0.6985634920634921	0.9893219020110238	0.737476319572766
154.0	0.7357658730158729	1.0741810419934146	0.858435345825604
469.0	0.7402896825396826	1.1424084295909125	0.7395013830848154
487.0	0.7354813664596273	1.0751364424458443	1.017352854462124
513.0	0.738101708074534	1.1298435093856067	0.5978686561742343
564.0	0.7316538399871733	1.053011038158262	0.5357055395851547
95.0	0.7218968253968253	1.1265469609843588	0.8008985164526061
371.0	0.7357658730158729	1.1260864477045012	0.7286066009329255
292.0	0.7357658730158729	1.0652113439502975	0.6602271800786786
306.0	0.7204645662978997	1.1194400202356114	0.6847265904011612
201.0	0.728563492063492	1.031882191746377	0.5487011713194415
395.0	0.7227607709750566	0.9645458196274243	0.6120144112227688
276.0	0.726718253968254	1.1011992924933796	0.6410574777170595
298.0	0.690468253968254	1.028654024475225	0.703053889810193
71.0	0.716718253968254	1.0886313816610618	0.6928204595448725
631.0	0.7318968253968253	1.1083626581050732	0.7369973928594196
646.0	0.7285634920634919	1.0629946746732473	0.6212131837576901
175.0	0.7213849206349207	1.0488865299486547	0.6263768557483056
102.0	0.736718253968254	0.9941540684218826	0.8240043220607064
545.0	0.7018968253968254	1.0199980093689702	0.6689593811026306
532.0	0.7224378881987576	0.9986744854391045	0.8090696650513017
448.0	0.7313115513845441	1.0205567275336183	0.45634973789232786
538.0	0.7222715572715573	1.1305616401340546	0.8844711051485074
435.0	0.7221441236068895	1.0847489200829352	0.8455013849177104
442.0	0.7226120857699805	1.05430040402586	0.7847961321648023
108.0	0.7233849206349205	0.8565826315608114	0.31687231445696606
191.0	0.7185634920634921	1.1165272626226765	0.53146241239643
239.0	0.7185634920634921	1.0803330948715488	0.9089159454050048
334.0	0.721718253968254	1.0297282353233501	0.7846997794356906
49.0	0.7046612606395215	1.1088456904103485	0.31747030057845316
343.0	0.7223972323972324	1.1595354425000715	0.47281667915709846
609.0	0.7157658730158729	1.1003162876768635	0.7834216022549106
690.0	0.726718253968254	1.161865200710888	0.5560484984759378
674.0	0.716718253968254	1.0701990832419448	0.5709520203377234
603.0	0.7176111111111111	1.0317753115391806	0.8473167122425259
244.0	0.7385634920634919	1.0202853290405083	0.7175213251798765
233.0	0.7329087301587301	1.0254195802029855	0.6514677764250537
34.0	0.7118400940623163	0.9942960071474034	0.683082072383457
349.0	0.6989783856805132	0.9766904565046037	0.5229105174447065
43.0	0.7002521008403362	0.9527397739475779	0.8875739266894889
494.0	0.7171062271062271	1.0636278192544035	0.6496367821189144
500.0	0.7223319137953285	0.9012218214455551	0.7635275811014887
577.0	0.7103998203054807	1.039938725044307	0.7121238832274633
599.0	0.7189961787184008	1.140829943139894	0.5600357164433937
130.0	0.736718253968254	1.1103127537155342	0.4117506599101355
147.0	0.7430386002886001	0.928986438121602	0.30948917293350126
470.0	0.7367523579480101	1.1543238553384354	0.6124165876222581
407.0	0.7224967824967824	1.1191682546528525	0.6175079630710368
593.0	0.7353470111448834	1.1314990181794968	0.9278110082913276
570.0	0.7326366668757972	1.09665575188507	0.668351344688702
507.0	0.7253088803088803	1.0364884771111602	0.5363250680755239
493.0	0.7290083373416707	0.9513401902203205	0.8121596338045735
140.0	0.7109444444444445	0.9993232818564515	0.4710387624858169
137.0	0.716563492063492	1.0060101496953644	0.43964296041880757
594.0	0.734367090104795	1.1444703882506622	0.8378130128777531
400.0	0.730442552296857	1.091139074070129	0.7714518192539993
477.0	0.7059024609024609	1.0954259128268102	0.6827262287408276
499.0	0.7219174439535263	0.9815731796055768	0.5704066123646041
344.0	0.7257059314954051	1.1159356835568564	0.6256184704143117
39.0	0.693754830271684	1.017783396953228	0.4954333593818683
333.0	0.7427277432712214	1.1458756946073576	0.5782312233011773
249.0	0.6980873015873016	1.114241491858446	0.8411190932077007
697.0	0.7124325396825397	1.1124755527550516	0.6826591998352679
679.0	0.7157658730158729	1.1509288513865528	0.8281094331426473
604.0	0.7337658730158729	1.1521356555849251	0.6160420091666418
673.0	0.7357658730158729	1.1472558935013284	0.44208714784855246
44.0	0.7348490762425188	1.1244430710626605	0.6433877139661398
339.0	0.7212797619047618	1.021900964200703	0.9047524021604756
33.0	0.7213637836086816	1.138187160437394	0.9310477626295952
234.0	0.726718253968254	1.0990968214878856	0.846161951261412
243.0	0.7257658730158729	1.1386651524254365	0.895542269536141
105.0	0.7257658730158729	1.037441679472492	0.5857021589356479
172.0	0.7307658730158729	1.1495447175441271	0.8745759074734395
438.0	0.7200515873015872	1.0174291184590232	0.545360263163801
535.0	0.7454941116231439	1.0854155263464065	0.8325642000743638
542.0	0.7060675883256529	1.1173590703244582	0.5964675265663864
445.0	0.7157658730158729	1.1103185051284725	0.5617707930749011
432.0	0.731718253968254	1.0441518054213264	0.4734991426601557
548.0	0.7142599742599741	1.020127328016677	0.33621959787818
196.0	0.7133849206349205	1.1320508115907166	0.4597810006090788
178.0	0.7357658730158729	1.0526413728198347	0.7238475730520969
301.0	0.7158097854526426	1.0745210683703037	0.9926395579536371
295.0	0.7276111111111111	1.0604799389553978	0.662236253127284
376.0	0.7135294606498794	1.1112222098142106	0.5992599705737319
398.0	0.7025524966931217	1.0615459328381596	0.6921545208614083
92.0	0.7122171717171717	0.9664011434322874	0.6386928802929135
76.0	0.7086230158730159	1.1159177543252268	0.6303542876873535
271.0	0.7318968253968253	0.9213494087186362	0.8658991718137314
98.0	0.7085634920634921	1.0220383845215657	0.6458120182395188
392.0	0.719880301847515	1.139527525300572	0.4471657004260077
206.0	0.7209444444444445	1.1086601057073002	0.6014895369669486
641.0	0.726718253968254	1.0643010638734316	0.4375763326571693
636.0	0.7109444444444445	1.1312556681326211	0.6716483539825819
569.0	0.7206602990033222	1.0465387442464704	0.6902560591528077
587.0	0.7264897215716888	0.9870067882278225	0.7963267216997204
413.0	0.7114141810570381	1.0554348382008878	0.5052708237978385
464.0	0.7297295108519598	1.1138726414505882	0.6072977347120428
159.0	0.6645158730158731	1.0272178878438427	0.53439520324366
153.0	0.7361825396825397	1.0703561062031461	0.837186817609445
124.0	0.710468253968254	1.1475180163137606	0.6798175015492489
563.0	0.7358680295853071	1.082301495533622	0.5549325890429666
514.0	0.7063303099017384	0.9709020872880197	0.6514486326374745
480.0	0.7210546398046398	0.9816328308443986	0.3254692838368586
419.0	0.721718253968254	1.1478736321043754	0.527374558414666
227.0	0.726718253968254	1.0774790560318548	0.8210525822171025
250.0	0.7418968253968253	1.0314205429502952	0.8237456333676568
57.0	0.7080873015873016	1.1341197653914277	0.7830693923001764
20.0	0.7191248770894788	1.075657928589803	0.5917094242177037
617.0	0.716718253968254	1.1482083372205418	0.5402605214453663
660.0	0.7233849206349205	1.0194500796206634	0.6573754284945729
684.0	0.7067182539682539	1.0398946682689463	0.3121264591852512
357.0	0.7257621567145376	1.1417595774578666	0.6801131041881571
320.0	0.7314519812721252	1.1098563832130688	0.7886410646670404
185.0	0.7067182539682539	1.0710413000420902	0.8398860406054165
456.0	0.7344461697722566	1.1343667895402854	0.618668497757542
421.0	0.7243983614951356	1.1234256448532427	0.6646904048363997
4.0	0.7118968253968254	1.0455379766462403	0.48932568719233605
526.0	0.703228410008071	1.1390462348437251	0.7882353986268179
551.0	0.7373015873015872	1.010169527194742	0.6853433475879208
116.0	0.7157658730158729	1.1073640492159251	0.6370258021915521
161.0	0.7185634920634919	0.9417671035495732	0.6464981939091459
652.0	0.7257658730158729	1.0481394296376492	0.5875215074286199
625.0	0.7109444444444445	1.0094584022699171	0.5133221700322095
262.0	0.7118968253968254	1.038908862079697	0.7205150287159336
381.0	0.7285199485199485	1.1382688625409627	0.7259881186103847
215.0	0.7195158730158729	1.1052016056983855	0.8119487317061178
12.0	0.7357658730158729	0.9981078905309047	0.6066027791741442
318.0	0.7218968253968253	1.135311110619802	0.8725138748925821
65.0	0.7257658730158729	1.0729950440125506	0.4217940568870364
268.0	0.6985634920634921	1.1229485909506847	0.6968442438434214
81.0	0.726718253968254	1.0954124265094776	0.8157231736673125
312.0	0.7307658730158729	1.0691143783952506	0.920114785891263
286.0	0.7224325396825396	1.137459841024485	1.0415627987805753
18.0	0.7185634920634919	1.1127938531336146	0.8885819611202151
365.0	0.7362420634920633	1.123511177779291	0.657857071470109
658.0	0.7142777777777778	1.1312160537485536	0.8065712160540358
